ID,Count
1,4
2,35
3,26
4,32
5,23
6,15
7,24
8,4
9,4
10,29
11,21
12,13
13,14
14,25
15,35
16,12
17,10
18,6
19,20
20,28
21,7
22,32
23,23
24,18
25,19
26,12
27,24
28,20
29,9
30,2
31,19
32,37
33,6
34,21
35,22
36,18
37,14
38,12
39,31
40,18
41,29
42,13
43,31
44,10
45,7
46,31
47,24
48,27
49,14
50,4
51,11
52,17
53,20
54,13
55,21
56,42
57,25
58,24
59,6
60,21
61,19
62,16
63,18
64,21
65,26
66,15
67,23
68,22
69,27
70,29
71,11
72,11
73,20
74,25
75,3
76,23
77,15
78,28
79,14
80,25
81,11
82,13
83,20
84,12
85,32
86,19
87,24
88,21
89,6
90,1
91,16
92,23
93,31
94,17
95,30
96,25
97,30
98,30
99,27
100,7
101,5
102,20
103,16
104,38
105,26
106,19
107,29
108,21
109,46
110,21
111,27
112,11
113,41
114,22
115,23
116,46
117,26
118,28
119,21
120,13
121,18
122,17
123,11
124,33
125,14
126,14
127,27
128,12
129,9
130,18
131,27
132,15
133,17
134,31
135,16
136,24
137,28
138,6
139,3
140,4
141,11
142,25
143,19
144,6
145,12
146,15
147,29
148,26
149,23
150,20
151,8
152,23
153,17
154,14
155,15
156,17
157,19
158,21
159,10
160,24
161,27
162,16
163,19
164,20
165,14
166,10
167,7
168,7
169,17
170,11
171,8
172,19
173,14
174,14
175,20
176,18
177,16
178,23
179,8
180,10
181,21
182,18
183,34
184,27
185,7
186,17
187,21
188,11
189,17
190,21
191,35
192,12
193,30
194,15
195,35
196,40
197,55
198,52
199,8
200,21
201,5
202,30
203,22
204,12
205,27
206,10
207,25
208,29
209,22
210,21
211,22
212,20
213,26
214,32
215,33
216,24
217,11
218,32
219,10
220,29
221,38
222,19
223,31
224,12
225,7
226,33
227,25
228,23
229,20
230,10
231,15
232,35
233,3
234,26
235,17
236,9
237,7
238,26
239,5
240,27
241,51
242,3
243,8
244,18
245,13
246,11
247,39
248,25
249,23
250,27
251,25
252,25
253,28
254,15
255,30
256,31
257,24
258,30
259,14
260,12
261,11
262,9
263,26
264,13
265,20
266,23
267,47
268,12
269,35
270,42
271,18
272,29
273,6
274,30
275,25
276,22
277,15
278,28
279,15
280,17
281,10
282,36
283,27
284,21
285,19
286,10
287,19
288,18
289,8
290,19
291,35
292,39
293,28
294,15
295,27
296,28
297,18
298,24
299,19
300,15
301,17
302,15
303,31
304,28
305,5
306,6
307,17
308,15
309,21
310,18
311,2
312,2
313,17
314,11
315,16
316,37
317,28
318,11
319,47
320,19
321,16
322,21
323,13
324,24
325,4
326,6
327,16
328,18
329,17
330,20
331,17
332,36
333,6
334,19
335,22
336,6
337,21
338,13
339,15
340,24
341,8
342,9
343,7
344,11
345,20
346,26
347,30
348,50
349,17
350,38
351,27
352,23
353,30
354,27
355,23
356,35
357,13
358,13
359,25
360,26
361,32
362,24
363,20
364,30
365,21
366,18
367,19
368,34
369,16
370,31
371,18
372,17
373,17
374,16
375,29
376,20
377,24
378,11
379,14
380,19
381,13
382,20
383,23
384,26
385,42
386,25
387,21
388,5
389,32
390,21
391,24
392,18
393,27
394,16
395,18
396,26
397,18
398,28
399,23
400,24
401,33
402,22
403,29
404,11
405,22
406,17
407,23
408,32
409,12
410,29
411,12
412,13
413,8
414,15
415,24
416,16
417,41
418,32
419,37
420,22
421,18
422,29
423,22
424,16
425,15
426,13
427,22
428,12
429,15
430,29
431,38
432,7
433,18
434,11
435,22
436,19
437,24
438,28
439,22
440,17
441,39
442,26
443,14
444,18
445,5
446,8
447,14
448,21
449,34
450,24
451,17
452,15
453,5
454,8
455,10
456,42
457,10
458,13
459,19
460,18
461,20
462,17
463,24
464,14
465,28
466,16
467,6
468,12
469,22
470,21
471,20
472,19
473,8
474,21
475,20
476,18
477,31
478,27
479,49
480,18
481,8
482,12
483,18
484,3
485,30
486,14
487,9
488,12
489,31
490,28
491,22
492,15
493,7
494,24
495,10
496,18
497,13
498,14
499,7
500,15
501,3
502,18
503,5
504,29
505,23
506,8
507,14
508,27
509,11
510,16
511,23
512,14
513,16
514,29
515,13
516,14
517,4
518,27
519,10
520,16
521,16
522,21
523,36
524,41
525,48
526,18
527,25
528,32
529,36
530,11
531,22
532,16
533,14
534,20
535,31
536,25
537,18
538,33
539,24
540,14
541,20
542,22
543,17
544,38
545,26
546,18
547,24
548,26
549,16
550,34
551,36
552,44
553,23
554,34
555,16
556,14
557,16
558,18
559,4
560,35
561,32
562,8
563,30
564,43
565,40
566,18
567,15
568,11
569,12
570,12
571,11
572,18
573,14
574,29
575,29
576,19
577,33
578,8
579,10
580,38
581,17
582,27
583,23
584,15
585,15
586,31
587,25
588,20
589,37
590,11
591,50
592,15
593,12
594,31
595,19
596,8
597,20
598,27
599,21
600,30
601,36
602,11
603,24
604,15
605,20
606,18
607,14
608,35
609,0
610,24
611,24
612,15
613,23
614,17
615,17
616,19
617,13
618,24
619,33
620,22
621,31
622,20
623,30
624,26
625,35
626,9
627,43
628,12
629,29
630,22
631,23
632,29
633,30
634,33
635,31
636,7
637,21
638,22
639,40
640,12
641,24
642,14
643,23
644,1
645,1
646,25
647,14
648,0
649,17
650,14
651,1
652,29
653,17
654,33
655,3
656,16
657,28
658,11
659,16
660,26
661,29
662,9
663,29
664,15
665,21
666,19
667,25
668,9
669,24
670,16
671,32
672,32
673,14
674,17
675,23
676,21
677,17
678,22
679,15
680,27
681,21
682,10
683,19
684,22
685,22
686,27
687,17
688,28
689,24
690,23
691,25
692,44
693,20
694,23
695,19
696,33
697,2
698,34
699,17
700,30
701,27
702,42
703,27
704,11
705,14
706,19
707,15
708,11
709,20
710,11
711,9
712,35
713,23
714,25
715,33
716,18
717,33
718,25
719,35
720,33
721,27
722,13
723,17
724,34
725,24
726,34
727,42
728,30
729,23
730,23
731,23
732,18
733,30
734,29
735,20
736,33
737,31
738,37
739,24
740,25
741,14
742,27
743,20
744,33
745,20
746,14
747,16
748,32
749,40
750,14
751,27
752,27
753,11
754,14
755,30
756,31
757,10
758,19
759,10
760,5
761,39
762,24
763,30
764,12
765,33
766,13
767,21
768,20
769,29
770,23
771,9
772,28
773,33
774,18
775,9
776,33
777,23
778,4
779,12
780,18
781,31
782,28
783,32
784,9
785,9
786,32
787,26
788,33
789,28
790,38
791,19
792,24
793,32
794,45
795,23
796,16
797,13
798,25
799,17
800,12
801,14
802,4
803,32
804,23
805,20
806,17
807,17
808,49
809,10
810,3
811,42
812,25
813,34
814,22
815,26
816,20
817,9
818,15
819,6
820,35
821,11
822,26
823,40
824,5
825,32
826,20
827,12
828,15
829,17
830,20
831,19
832,22
833,13
834,10
835,15
836,10
837,20
838,25
839,37
840,12
841,38
842,14
843,34
844,43
845,29
846,22
847,14
848,33
849,21
850,26
851,29
852,10
853,7
854,30
855,18
856,17
857,16
858,11
859,51
860,5
861,24
862,22
863,21
864,20
865,23
866,17
867,21
868,30
869,4
870,38
871,43
872,11
873,3
874,36
875,29
876,11
877,29
878,26
879,38
880,12
881,30
882,20
883,15
884,29
885,25
886,12
887,21
888,20
889,40
890,30
891,13
892,26
893,32
894,4
895,9
896,28
897,45
898,12
899,28
900,22
901,18
902,36
903,26
904,35
905,57
906,26
907,16
908,30
909,20
910,16
911,5
912,12
913,9
914,8
915,25
916,28
917,8
918,22
919,19
920,12
921,24
922,20
923,12
924,22
925,16
926,25
927,24
928,25
929,32
930,11
931,13
932,24
933,22
934,21
935,17
936,12
937,12
938,7
939,24
940,9
941,9
942,15
943,3
944,9
945,5
946,12
947,13
948,27
949,23
950,21
951,29
952,22
953,15
954,23
955,30
956,19
957,21
958,35
959,20
960,15
961,27
962,23
963,29
964,34
965,22
966,17
967,14
968,22
969,13
970,15
971,28
972,21
973,8
974,16
975,31
976,44
977,29
978,40
979,28
980,39
981,23
982,13
983,13
984,19
985,15
986,24
987,19
988,12
989,11
990,25
991,30
992,15
993,32
994,10
995,14
996,16
997,31
998,17
999,14
1000,21
1001,19
1002,15
1003,18
1004,28
1005,14
1006,19
1007,11
1008,12
1009,14
1010,29
1011,48
1012,25
1013,13
1014,34
1015,58
1016,30
1017,23
1018,32
1019,35
1020,25
1021,18
1022,13
1023,9
1024,7
1025,16
1026,24
1027,6
1028,24
1029,23
1030,9
1031,22
1032,6
1033,17
1034,33
1035,13
1036,33
1037,15
1038,23
1039,6
1040,26
1041,18
1042,13
1043,8
1044,12
1045,35
1046,28
1047,5
1048,30
1049,29
1050,30
1051,32
1052,16
1053,14
1054,16
1055,37
1056,6
1057,16
1058,23
1059,17
1060,23
1061,33
1062,19
1063,7
1064,27
1065,13
1066,24
1067,10
1068,12
1069,25
1070,21
1071,6
1072,19
1073,31
1074,24
1075,14
1076,15
1077,26
1078,34
1079,4
1080,38
1081,18
1082,17
1083,23
1084,26
1085,31
1086,29
1087,16
1088,21
1089,12
1090,9
1091,15
1092,10
1093,37
1094,39
1095,27
1096,26
1097,8
1098,12
1099,15
1100,15
1101,2
1102,26
1103,44
1104,20
1105,18
1106,27
1107,35
1108,12
1109,12
1110,16
1111,6
1112,27
1113,39
1114,23
1115,32
1116,31
1117,42
1118,5
1119,39
1120,16
1121,24
1122,41
1123,23
1124,19
1125,32
1126,18
1127,11
1128,17
1129,23
1130,5
1131,10
1132,28
1133,10
1134,29
1135,18
1136,10
1137,10
1138,41
1139,11
1140,26
1141,13
1142,17
1143,16
1144,19
1145,16
1146,24
1147,23
1148,25
1149,3
1150,21
1151,23
1152,32
1153,23
1154,21
1155,30
1156,13
1157,11
1158,30
1159,14
1160,15
1161,8
1162,25
1163,28
1164,25
1165,17
1166,24
1167,22
1168,19
1169,31
1170,9
1171,22
1172,22
1173,50
1174,19
1175,21
1176,37
1177,31
1178,32
1179,33
1180,32
1181,34
1182,21
1183,37
1184,17
1185,40
1186,27
1187,13
1188,8
1189,19
1190,26
1191,14
1192,19
1193,28
1194,26
1195,19
1196,29
1197,29
1198,16
1199,26
1200,31
1201,21
1202,17
1203,18
1204,18
1205,10
1206,17
1207,16
1208,25
1209,14
1210,21
1211,23
1212,23
1213,14
1214,16
1215,20
1216,13
1217,20
1218,30
1219,10
1220,29
1221,17
1222,32
1223,22
1224,47
1225,32
1226,28
1227,10
1228,29
1229,12
1230,22
1231,19
1232,22
1233,24
1234,18
1235,17
1236,21
1237,23
1238,15
1239,42
1240,31
1241,16
1242,17
1243,33
1244,15
1245,14
1246,37
1247,33
1248,20
1249,14
1250,15
1251,28
1252,38
1253,20
1254,17
1255,30
1256,34
1257,37
1258,4
1259,32
1260,31
1261,17
1262,31
1263,12
1264,16
1265,19
1266,26
1267,17
1268,12
1269,39
1270,34
1271,26
1272,34
1273,27
1274,18
1275,18
1276,9
1277,29
1278,21
1279,10
1280,13
1281,28
1282,8
1283,11
1284,23
1285,10
1286,10
1287,30
1288,21
1289,28
1290,20
1291,14
1292,29
1293,8
1294,6
1295,16
1296,34
1297,29
1298,16
1299,24
1300,23
1301,23
1302,23
1303,8
1304,34
1305,23
1306,15
1307,41
1308,22
1309,25
1310,34
1311,21
1312,7
1313,25
1314,19
1315,17
1316,29
1317,27
1318,23
1319,21
1320,29
1321,27
1322,17
1323,33
1324,39
1325,15
1326,22
1327,13
1328,21
1329,16
1330,42
1331,8
1332,14
1333,31
1334,31
1335,17
1336,17
1337,13
1338,17
1339,29
1340,43
1341,21
1342,43
1343,27
1344,13
1345,28
1346,52
1347,22
1348,25
1349,42
1350,34
1351,15
1352,28
1353,6
1354,13
1355,38
1356,32
1357,10
1358,29
1359,37
1360,27
1361,29
1362,18
1363,27
1364,11
1365,31
1366,11
1367,18
1368,36
1369,35
1370,6
1371,18
1372,17
1373,23
1374,19
1375,3
1376,30
1377,22
1378,11
1379,13
1380,9
1381,39
1382,18
1383,22
1384,19
1385,6
1386,23
1387,25
1388,33
1389,10
1390,27
1391,10
1392,34
1393,18
1394,15
1395,21
1396,36
1397,7
1398,11
1399,6
1400,27
1401,17
1402,19
1403,6
1404,16
1405,9
1406,9
1407,11
1408,25
1409,22
1410,15
1411,27
1412,16
1413,23
1414,6
1415,31
1416,11
1417,4
1418,3
1419,5
1420,20
1421,6
1422,20
1423,16
1424,19
1425,17
1426,10
1427,21
1428,15
1429,17
1430,20
1431,24
1432,13
1433,4
1434,9
1435,11
1436,31
1437,11
1438,8
1439,19
1440,20
1441,6
1442,26
1443,13
1444,21
1445,18
1446,14
1447,5
1448,10
1449,13
1450,32
1451,15
1452,11
1453,17
1454,15
1455,15
1456,22
1457,29
1458,10
1459,12
1460,10
1461,21
1462,24
1463,2
1464,23
1465,26
1466,14
1467,19
1468,24
1469,10
1470,18
1471,11
1472,4
1473,14
1474,28
1475,26
1476,26
1477,25
1478,21
1479,21
1480,17
1481,19
1482,24
1483,16
1484,9
1485,10
1486,6
1487,8
1488,38
1489,18
1490,4
1491,14
1492,11
1493,35
1494,11
1495,17
1496,8
1497,30
1498,14
1499,1
1500,15
1501,13
1502,27
1503,30
1504,38
1505,19
1506,16
1507,15
1508,7
1509,26
1510,21
1511,29
1512,35
1513,20
1514,17
1515,9
1516,33
1517,37
1518,20
1519,13
1520,1
1521,32
1522,21
1523,30
1524,31
1525,30
1526,24
1527,8
1528,36
1529,9
1530,12
1531,14
1532,23
1533,48
1534,38
1535,19
1536,9
1537,22
1538,20
1539,32
1540,14
1541,41
1542,27
1543,25
1544,20
1545,31
1546,17
1547,19
1548,25
1549,11
1550,1
1551,14
1552,11
1553,3
1554,21
1555,22
1556,29
1557,18
1558,11
1559,25
1560,32
1561,19
1562,24
1563,32
1564,12
1565,12
1566,18
1567,16
1568,25
1569,14
1570,26
1571,23
1572,6
1573,25
1574,33
1575,23
1576,10
1577,13
1578,25
1579,19
1580,7
1581,17
1582,35
1583,11
1584,14
1585,32
1586,20
1587,21
1588,28
1589,41
1590,11
1591,24
1592,20
1593,24
1594,5
1595,10
1596,13
1597,26
1598,15
1599,28
1600,20
1601,24
1602,13
1603,16
1604,52
1605,19
1606,7
1607,31
1608,28
1609,21
1610,34
1611,17
1612,14
1613,15
1614,23
1615,13
1616,13
1617,23
1618,25
1619,10
1620,2
1621,21
1622,12
1623,20
1624,7
1625,36
1626,11
1627,16
1628,28
1629,6
1630,25
1631,15
1632,16
1633,32
1634,43
1635,18
1636,2
1637,18
1638,5
1639,1
1640,1
1641,15
1642,12
1643,29
1644,25
1645,9
1646,17
1647,9
1648,4
1649,24
1650,33
1651,18
1652,8
1653,17
1654,7
1655,17
1656,21
1657,1
1658,33
1659,12
1660,12
1661,8
1662,12
1663,6
1664,8
1665,25
1666,11
1667,1
1668,27
1669,9
1670,11
1671,11
1672,9
1673,15
1674,11
1675,17
1676,4
1677,14
1678,21
1679,1
1680,19
1681,15
1682,7
1683,6
1684,9
1685,17
1686,9
1687,8
1688,18
1689,10
1690,11
1691,12
1692,5
1693,19
1694,9
1695,7
1696,2
1697,11
1698,26
1699,22
1700,14
1701,10
1702,10
1703,6
1704,14
1705,18
1706,5
1707,11
1708,21
1709,21
1710,14
1711,2
1712,19
1713,13
1714,38
1715,12
1716,8
1717,15
1718,23
1719,1
1720,17
1721,11
1722,11
1723,25
1724,19
1725,17
1726,18
1727,1
1728,39
1729,18
1730,7
1731,13
1732,31
1733,19
1734,24
1735,1
1736,9
1737,32
1738,14
1739,18
1740,8
1741,2
1742,30
1743,36
1744,11
1745,9
1746,23
1747,16
1748,10
1749,13
1750,2
1751,26
1752,15
1753,11
1754,19
1755,13
1756,30
1757,11
1758,12
1759,10
1760,1
1761,18
1762,5
1763,5
1764,15
1765,10
1766,6
1767,15
1768,5
1769,10
1770,16
1771,20
1772,15
1773,21
1774,8
1775,34
1776,20
1777,9
1778,46
1779,11
1780,8
1781,6
1782,12
1783,8
1784,35
1785,17
1786,1
1787,1
1788,28
1789,22
1790,18
1791,34
1792,16
1793,27
1794,6
1795,38
1796,25
1797,51
1798,10
1799,41
1800,33
1801,16
1802,2
1803,2
1804,13
1805,2
1806,8
1807,18
1808,22
1809,20
1810,15
1811,21
1812,33
1813,18
1814,15
1815,27
1816,28
1817,23
1818,10
1819,20
1820,24
1821,12
1822,20
1823,25
1824,17
1825,11
1826,34
1827,15
1828,38
1829,33
1830,19
1831,22
1832,8
1833,19
1834,10
1835,26
1836,10
1837,15
1838,17
1839,8
1840,29
1841,9
1842,16
1843,26
1844,7
1845,19
1846,13
1847,15
1848,20
1849,17
1850,29
1851,7
1852,18
1853,18
1854,13
1855,22
1856,3
1857,16
1858,33
1859,16
1860,14
1861,25
1862,25
1863,14
1864,22
1865,15
1866,14
1867,18
1868,31
1869,5
1870,22
1871,16
1872,9
1873,3
1874,35
1875,8
1876,10
1877,7
1878,44
1879,5
1880,13
1881,16
1882,53
1883,3
1884,19
1885,1
1886,2
1887,11
1888,1
1889,17
1890,16
1891,5
1892,0
1893,1
1894,13
1895,1
1896,5
1897,9
1898,8
1899,47
1900,1
1901,13
1902,11
1903,2
1904,19
1905,25
1906,5
1907,5
1908,11
1909,1
1910,23
1911,9
1912,2
1913,53
1914,5
1915,19
1916,19
1917,3
1918,14
1919,13
1920,1
1921,28
1922,7
1923,6
1924,10
1925,16
1926,3
1927,5
1928,14
1929,15
1930,3
1931,4
1932,1
1933,17
1934,20
1935,5
1936,31
1937,19
1938,8
1939,15
1940,34
1941,16
1942,10
1943,27
1944,13
1945,7
1946,8
1947,6
1948,32
1949,10
1950,32
1951,25
1952,26
1953,21
1954,42
1955,27
1956,25
1957,20
1958,24
1959,18
1960,6
1961,20
1962,19
1963,23
1964,26
1965,30
1966,11
1967,39
1968,31
1969,17
1970,10
1971,20
1972,15
1973,14
1974,30
1975,3
1976,14
1977,10
1978,30
1979,19
1980,23
1981,19
1982,12
1983,45
1984,18
1985,32
1986,14
1987,23
1988,45
1989,19
1990,28
1991,32
1992,15
1993,15
1994,18
1995,13
1996,29
1997,31
1998,13
1999,6
2000,7
2001,23
2002,23
2003,1
2004,25
2005,17
2006,33
2007,22
2008,13
2009,33
2010,18
2011,18
2012,15
2013,22
2014,28
2015,20
2016,20
2017,26
2018,27
2019,42
2020,18
2021,49
2022,30
2023,23
2024,4
2025,8
2026,30
2027,11
2028,47
2029,33
2030,30
2031,40
2032,24
2033,36
2034,27
2035,14
2036,28
2037,35
2038,39
2039,44
2040,25
2041,18
2042,8
2043,35
2044,18
2045,29
2046,22
2047,7
2048,9
2049,4
2050,4
2051,8
2052,3
2053,7
2054,2
2055,11
2056,4
2057,13
2058,3
2059,8
2060,1
2061,7
2062,1
2063,6
2064,2
2065,6
2066,3
2067,8
2068,1
2069,5
2070,1
2071,6
2072,1
2073,13
2074,1
2075,13
2076,3
2077,12
2078,1
2079,32
2080,4
2081,10
2082,0
2083,18
2084,4
2085,15
2086,1
2087,8
2088,7
2089,8
2090,8
2091,12
2092,2
2093,13
2094,5
2095,17
2096,36
2097,23
2098,8
2099,28
2100,10
2101,5
2102,9
2103,16
2104,20
2105,30
2106,19
2107,19
2108,20
2109,15
2110,17
2111,15
2112,41
2113,22
2114,14
2115,29
2116,24
2117,23
2118,22
2119,32
2120,15
2121,15
2122,14
2123,4
2124,21
2125,11
2126,12
2127,9
2128,8
2129,16
2130,32
2131,18
2132,10
2133,26
2134,13
2135,28
2136,32
2137,23
2138,5
2139,4
2140,21
2141,10
2142,6
2143,2
2144,8
2145,12
2146,38
2147,16
2148,18
2149,17
2150,20
2151,27
2152,18
2153,33
2154,16
2155,9
2156,22
2157,19
2158,27
2159,4
2160,44
2161,12
2162,27
2163,32
2164,10
2165,28
2166,13
2167,2
2168,14
2169,17
2170,10
2171,7
2172,15
2173,8
2174,8
2175,19
2176,28
2177,16
2178,16
2179,21
2180,37
2181,13
2182,36
2183,25
2184,8
2185,35
2186,26
2187,18
2188,5
2189,36
2190,20
2191,19
2192,38
2193,18
2194,46
2195,34
2196,3
2197,30
2198,17
2199,14
2200,16
2201,13
2202,12
2203,11
2204,37
2205,11
2206,21
2207,41
2208,29
2209,13
2210,0
2211,1
2212,21
2213,13
2214,15
2215,23
2216,8
2217,25
2218,7
2219,21
2220,21
2221,41
2222,13
2223,19
2224,27
2225,29
2226,19
2227,13
2228,21
2229,26
2230,19
2231,18
2232,19
2233,17
2234,18
2235,29
2236,25
2237,13
2238,9
2239,21
2240,37
2241,15
2242,19
2243,24
2244,20
2245,26
2246,28
2247,14
2248,23
2249,55
2250,28
2251,9
2252,10
2253,25
2254,21
2255,20
2256,16
2257,29
2258,36
2259,8
2260,12
2261,15
2262,37
2263,17
2264,34
2265,21
2266,25
2267,22
2268,10
2269,28
2270,36
2271,14
2272,19
2273,28
2274,6
2275,15
2276,20
2277,23
2278,5
2279,24
2280,27
2281,11
2282,31
2283,9
2284,24
2285,22
2286,7
2287,3
2288,13
2289,21
2290,22
2291,21
2292,4
2293,17
2294,9
2295,19
2296,15
2297,10
2298,22
2299,18
2300,10
2301,16
2302,25
2303,8
2304,21
2305,2
2306,3
2307,2
2308,22
2309,27
2310,16
2311,23
2312,29
2313,29
2314,23
2315,33
2316,19
2317,15
2318,39
2319,10
2320,16
2321,23
2322,30
2323,4
2324,28
2325,5
2326,13
2327,27
2328,14
2329,21
2330,14
2331,18
2332,19
2333,10
2334,46
2335,23
2336,16
2337,12
2338,9
2339,7
2340,20
2341,29
2342,19
2343,18
2344,16
2345,5
2346,10
2347,18
2348,13
2349,5
2350,23
2351,19
2352,24
2353,24
2354,8
2355,36
2356,27
2357,38
2358,5
2359,33
2360,25
2361,15
2362,7
2363,19
2364,16
2365,24
2366,19
2367,12
2368,21
2369,4
2370,28
2371,20
2372,26
2373,12
2374,22
2375,4
2376,13
2377,21
2378,15
2379,11
2380,20
2381,37
2382,40
2383,27
2384,27
2385,20
2386,9
2387,20
2388,43
2389,6
2390,28
2391,2
2392,14
2393,28
2394,29
2395,2
2396,17
2397,24
2398,21
2399,3
2400,14
2401,31
2402,30
2403,3
2404,11
2405,12
2406,5
2407,3
2408,11
2409,29
2410,8
2411,20
2412,9
2413,21
2414,31
2415,11
2416,12
2417,22
2418,13
2419,27
2420,29
2421,24
2422,23
2423,12
2424,18
2425,24
2426,21
2427,21
2428,18
2429,39
2430,29
2431,21
2432,15
2433,28
2434,16
2435,23
2436,17
2437,17
2438,14
2439,23
2440,1
2441,25
2442,2
2443,1
2444,15
2445,1
2446,30
2447,18
2448,13
2449,9
2450,43
2451,35
2452,16
2453,31
2454,12
2455,26
2456,18
2457,8
2458,24
2459,10
2460,18
2461,2
2462,14
2463,10
2464,27
2465,26
2466,25
2467,23
2468,2
2469,27
2470,6
2471,7
2472,42
2473,24
2474,26
2475,15
2476,16
2477,16
2478,24
2479,36
2480,18
2481,37
2482,24
2483,20
2484,14
2485,22
2486,37
2487,6
2488,22
2489,20
2490,50
2491,32
2492,12
2493,15
2494,11
2495,4
2496,9
2497,35
2498,34
2499,31
2500,21
2501,56
2502,40
2503,20
2504,28
2505,24
2506,10
2507,24
2508,39
2509,23
2510,34
2511,41
2512,17
2513,28
2514,16
2515,9
2516,23
2517,27
2518,24
2519,15
2520,28
2521,31
2522,12
2523,15
2524,24
2525,22
2526,19
2527,14
2528,19
2529,25
2530,10
2531,18
2532,19
2533,35
2534,20
2535,10
2536,19
2537,16
2538,12
2539,15
2540,16
2541,12
2542,22
2543,13
2544,24
2545,8
2546,1
2547,7
2548,13
2549,11
2550,19
2551,10
2552,11
2553,5
2554,20
2555,32
2556,11
2557,17
2558,32
2559,21
2560,21
2561,12
2562,10
2563,18
2564,27
2565,24
2566,16
2567,9
2568,9
2569,8
2570,7
2571,25
2572,34
2573,9
2574,30
2575,24
2576,24
2577,21
2578,30
2579,15
2580,47
2581,3
2582,35
2583,40
2584,19
2585,6
2586,6
2587,16
2588,13
2589,10
2590,11
2591,13
2592,29
2593,21
2594,23
2595,12
2596,26
2597,27
2598,18
2599,24
2600,9
2601,13
2602,9
2603,11
2604,9
2605,33
2606,16
2607,28
2608,31
2609,6
2610,13
2611,29
2612,27
2613,37
2614,17
2615,19
2616,28
2617,21
2618,7
2619,22
2620,29
2621,22
2622,22
2623,26
2624,25
2625,21
2626,36
2627,22
2628,12
2629,41
2630,21
2631,28
2632,22
2633,7
2634,13
2635,9
2636,28
2637,16
2638,31
2639,9
2640,20
2641,49
2642,17
2643,1
2644,23
2645,23
2646,42
2647,41
2648,7
2649,12
2650,36
2651,9
2652,20
2653,29
2654,13
2655,20
2656,29
2657,16
2658,9
2659,17
2660,20
2661,37
2662,22
2663,30
2664,11
2665,21
2666,22
2667,12
2668,15
2669,17
2670,5
2671,7
2672,34
2673,15
2674,23
2675,37
2676,4
2677,16
2678,7
2679,5
2680,16
2681,17
2682,4
2683,16
2684,13
2685,17
2686,28
2687,13
2688,6
2689,19
2690,4
2691,2
2692,2
2693,2
2694,16
2695,6
2696,3
2697,14
2698,3
2699,8
2700,5
2701,7
2702,2
2703,14
2704,8
2705,14
2706,9
2707,3
2708,4
2709,6
2710,9
2711,18
2712,27
2713,16
2714,3
2715,5
2716,3
2717,5
2718,11
2719,15
2720,12
2721,35
2722,5
2723,24
2724,29
2725,11
2726,4
2727,21
2728,14
2729,3
2730,14
2731,4
2732,5
2733,4
2734,2
2735,27
2736,23
2737,6
2738,8
2739,5
2740,21
2741,13
2742,11
2743,8
2744,16
2745,29
2746,8
2747,10
2748,25
2749,6
2750,9
2751,12
2752,10
2753,3
2754,27
2755,50
2756,27
2757,13
2758,38
2759,30
2760,43
2761,22
2762,17
2763,25
2764,14
2765,18
2766,18
2767,16
2768,15
2769,10
2770,14
2771,19
2772,9
2773,15
2774,31
2775,11
2776,5
2777,29
2778,44
2779,18
2780,13
2781,16
2782,18
2783,28
2784,13
2785,14
2786,21
2787,16
2788,13
2789,17
2790,17
2791,20
2792,28
2793,28
2794,17
2795,28
2796,23
2797,21
2798,3
2799,6
2800,2
2801,3
2802,2
2803,1
2804,3
2805,7
2806,9
2807,18
2808,10
2809,16
2810,13
2811,10
2812,23
2813,12
2814,23
2815,17
2816,21
2817,32
2818,12
2819,29
2820,36
2821,38
2822,16
2823,13
2824,20
2825,11
2826,26
2827,13
2828,12
2829,10
2830,42
2831,10
2832,5
2833,13
2834,10
2835,13
2836,21
2837,9
2838,11
2839,24
2840,30
2841,9
2842,20
2843,19
2844,37
2845,8
2846,5
2847,10
2848,18
2849,26
2850,19
2851,26
2852,21
2853,14
2854,20
2855,20
2856,25
2857,29
2858,29
2859,11
2860,10
2861,14
2862,8
2863,41
2864,9
2865,12
2866,32
2867,14
2868,10
2869,36
2870,40
2871,23
2872,43
2873,13
2874,4
2875,10
2876,27
2877,9
2878,22
2879,28
2880,77
2881,13
2882,11
2883,32
2884,20
2885,39
2886,27
2887,15
2888,13
2889,22
2890,8
2891,10
2892,20
2893,32
2894,29
2895,27
2896,30
2897,37
2898,21
2899,22
2900,18
2901,19
2902,3
2903,8
2904,22
2905,34
2906,17
2907,23
2908,18
2909,13
2910,22
2911,25
2912,31
2913,19
2914,10
2915,19
2916,33
2917,23
2918,23
2919,50
2920,8
2921,35
2922,31
2923,39
2924,10
2925,17
2926,5
2927,13
2928,12
2929,23
2930,17
2931,16
2932,13
2933,4
2934,11
2935,6
2936,5
2937,6
2938,2
2939,6
2940,3
2941,5
2942,10
2943,9
2944,4
2945,11
2946,1
2947,15
2948,20
2949,30
2950,28
2951,26
2952,16
2953,21
2954,21
2955,26
2956,26
2957,14
2958,27
2959,44
2960,28
2961,31
2962,19
2963,21
2964,35
2965,9
2966,22
2967,12
2968,16
2969,27
2970,35
2971,27
2972,23
2973,33
2974,22
2975,13
2976,36
2977,17
2978,30
2979,35
2980,15
2981,4
2982,20
2983,6
2984,17
2985,18
2986,8
2987,32
2988,14
2989,19
2990,16
2991,28
2992,21
2993,16
2994,13
2995,27
2996,29
2997,5
2998,17
2999,15
3000,19
3001,8
3002,31
3003,23
3004,13
3005,8
3006,16
3007,16
3008,17
3009,15
3010,27
3011,37
3012,13
3013,24
3014,19
3015,17
3016,24
3017,23
3018,20
3019,34
3020,15
3021,17
3022,13
3023,12
3024,8
3025,9
3026,26
3027,24
3028,30
3029,18
3030,11
3031,3
3032,14
3033,16
3034,16
3035,6
3036,28
3037,13
3038,22
3039,25
3040,4
3041,34
3042,11
3043,18
3044,18
3045,28
3046,23
3047,36
3048,28
3049,10
3050,16
3051,25
3052,28
3053,14
3054,17
3055,18
3056,14
3057,32
3058,5
3059,22
3060,12
3061,14
3062,32
3063,36
3064,6
3065,28
3066,24
3067,33
3068,25
3069,30
3070,46
3071,21
3072,37
3073,27
3074,23
3075,29
3076,23
3077,25
3078,24
3079,27
3080,26
3081,26
3082,20
3083,31
3084,27
3085,24
3086,18
3087,19
3088,36
3089,7
3090,27
3091,26
3092,31
3093,38
3094,29
3095,4
3096,34
3097,20
3098,24
3099,38
3100,15
3101,9
3102,33
3103,20
3104,44
3105,21
3106,33
3107,19
3108,26
3109,18
3110,24
3111,19
3112,25
3113,13
3114,36
3115,3
3116,32
3117,14
3118,18
3119,21
3120,21
3121,24
3122,21
3123,20
3124,46
3125,19
3126,28
3127,19
3128,24
3129,12
3130,12
3131,8
3132,15
3133,13
3134,27
3135,15
3136,17
3137,20
3138,35
3139,28
3140,26
3141,19
3142,34
3143,15
3144,15
3145,23
3146,32
3147,14
3148,10
3149,25
3150,3
3151,17
3152,21
3153,21
3154,17
3155,23
3156,5
3157,38
3158,15
3159,25
3160,27
3161,9
3162,12
3163,28
3164,34
3165,22
3166,7
3167,5
3168,36
3169,17
3170,34
3171,22
3172,30
3173,34
3174,15
3175,27
3176,18
3177,18
3178,15
3179,17
3180,10
3181,20
3182,19
3183,35
3184,7
3185,40
3186,33
3187,11
3188,5
3189,19
3190,14
3191,16
3192,13
3193,4
3194,17
3195,5
3196,28
3197,13
3198,20
3199,11
3200,25
3201,29
3202,28
3203,18
3204,16
3205,22
3206,23
3207,24
3208,9
3209,13
3210,58
3211,16
3212,34
3213,32
3214,18
3215,24
3216,10
3217,23
3218,46
3219,7
3220,21
3221,15
3222,63
3223,24
3224,19
3225,16
3226,33
3227,13
3228,20
3229,40
3230,26
3231,43
3232,21
3233,39
3234,23
3235,27
3236,27
3237,22
3238,16
3239,9
3240,18
3241,12
3242,15
3243,13
3244,28
3245,24
3246,29
3247,27
3248,10
3249,13
3250,21
3251,31
3252,3
3253,6
3254,28
3255,12
3256,19
3257,26
3258,22
3259,19
3260,7
3261,16
3262,11
3263,6
3264,10
3265,22
3266,13
3267,30
3268,7
3269,20
3270,18
3271,23
3272,27
3273,14
3274,12
3275,19
3276,9
3277,8
3278,20
3279,19
3280,13
3281,15
3282,6
3283,18
3284,0
3285,3
3286,13
3287,8
3288,12
3289,8
3290,36
3291,27
3292,25
3293,29
3294,18
3295,25
3296,26
3297,9
3298,26
3299,13
3300,24
3301,16
3302,31
3303,45
3304,24
3305,23
3306,33
3307,11
3308,23
3309,16
3310,17
3311,26
3312,30
3313,25
3314,14
3315,23
3316,12
3317,25
3318,36
3319,9
3320,1
3321,23
3322,14
3323,14
3324,27
3325,27
3326,39
3327,33
3328,31
3329,16
3330,34
3331,3
3332,18
3333,14
3334,20
3335,10
3336,23
3337,21
3338,5
3339,27
3340,26
3341,63
3342,21
3343,20
3344,25
3345,25
3346,8
3347,10
3348,6
3349,21
3350,4
3351,21
3352,10
3353,12
3354,15
3355,23
3356,6
3357,13
3358,34
3359,28
3360,9
3361,23
3362,26
3363,9
3364,7
3365,39
3366,25
3367,25
3368,32
3369,17
3370,25
3371,41
3372,26
3373,29
3374,21
3375,28
3376,36
3377,45
3378,20
3379,32
3380,28
3381,22
3382,22
3383,38
3384,29
3385,46
3386,8
3387,21
3388,22
3389,29
3390,32
3391,4
3392,31
3393,18
3394,19
3395,29
3396,10
3397,13
3398,34
3399,37
3400,33
3401,41
3402,26
3403,21
3404,21
3405,18
3406,24
3407,32
3408,23
3409,23
3410,34
3411,36
3412,14
3413,22
3414,17
3415,20
3416,27
3417,29
3418,36
3419,25
3420,29
3421,18
3422,20
3423,28
3424,17
3425,17
3426,12
3427,18
3428,10
3429,43
3430,16
3431,24
3432,15
3433,32
3434,22
3435,25
3436,30
3437,17
3438,6
3439,23
3440,18
3441,32
3442,36
3443,11
3444,50
3445,41
3446,30
3447,16
3448,53
3449,41
3450,24
3451,32
3452,18
3453,16
3454,14
3455,25
3456,11
3457,40
3458,19
3459,25
3460,22
3461,17
3462,31
3463,25
3464,23
3465,17
3466,12
3467,30
3468,20
3469,36
3470,29
3471,11
3472,23
3473,14
3474,32
3475,33
3476,15
3477,35
3478,22
3479,33
3480,31
3481,8
3482,8
3483,30
3484,27
3485,14
3486,20
3487,11
3488,19
3489,15
3490,25
3491,8
3492,27
3493,20
3494,15
3495,5
3496,18
3497,12
3498,15
3499,14
3500,20
3501,18
3502,9
3503,14
3504,20
3505,7
3506,4
3507,22
3508,16
3509,6
3510,8
3511,11
3512,18
3513,11
3514,18
3515,15
3516,22
3517,29
3518,13
3519,13
3520,8
3521,18
3522,22
3523,16
3524,13
3525,43
3526,36
3527,21
3528,24
3529,25
3530,36
3531,34
3532,15
3533,28
3534,18
3535,9
3536,19
3537,12
3538,33
3539,35
3540,38
3541,50
3542,40
3543,13
3544,23
3545,31
3546,11
3547,29
3548,37
3549,21
3550,19
3551,13
3552,17
3553,21
3554,43
3555,28
3556,44
3557,22
3558,24
3559,31
3560,23
3561,43
3562,39
3563,27
3564,18
3565,27
3566,10
3567,16
3568,36
3569,33
3570,12
3571,31
3572,10
3573,7
3574,19
3575,12
3576,16
3577,27
3578,22
3579,34
3580,16
3581,23
3582,21
3583,16
3584,23
3585,25
3586,14
3587,19
3588,20
3589,28
3590,24
3591,16
3592,24
3593,12
3594,26
3595,19
3596,41
3597,16
3598,25
3599,9
3600,27
3601,33
3602,28
3603,17
3604,24
3605,28
3606,17
3607,27
3608,34
3609,13
3610,28
3611,10
3612,29
3613,35
3614,6
3615,12
3616,24
3617,19
3618,22
3619,18
3620,28
3621,19
3622,30
3623,27
3624,22
3625,24
3626,30
3627,28
3628,44
3629,10
3630,31
3631,17
3632,11
3633,21
3634,14
3635,39
3636,23
3637,16
3638,40
3639,24
3640,21
3641,9
3642,21
3643,25
3644,18
3645,16
3646,42
3647,19
3648,24
3649,37
3650,20
3651,9
3652,8
3653,21
3654,24
3655,17
3656,21
3657,10
3658,29
3659,23
3660,13
3661,22
3662,21
3663,14
3664,13
3665,13
3666,6
3667,0
3668,30
3669,23
3670,27
3671,36
3672,33
3673,16
3674,53
3675,24
3676,40
3677,21
3678,11
3679,19
3680,19
3681,22
3682,9
3683,26
3684,19
3685,27
3686,16
3687,42
3688,13
3689,18
3690,6
3691,14
3692,37
3693,23
3694,4
3695,7
3696,20
3697,28
3698,32
3699,17
3700,23
3701,19
3702,19
3703,27
3704,28
3705,18
3706,25
3707,9
3708,21
3709,32
3710,7
3711,23
3712,17
3713,11
3714,20
3715,28
3716,34
3717,12
3718,12
3719,51
3720,18
3721,51
3722,17
3723,11
3724,16
3725,28
3726,11
3727,9
3728,31
3729,31
3730,40
3731,38
3732,43
3733,20
3734,16
3735,7
3736,17
3737,31
3738,25
3739,12
3740,5
3741,37
3742,37
3743,22
3744,13
3745,53
3746,16
3747,29
3748,37
3749,32
3750,31
3751,10
3752,33
3753,26
3754,40
3755,32
3756,34
3757,21
3758,8
3759,20
3760,25
3761,28
