ID,Count
1,4
2,35
3,27
4,32
5,23
6,15
7,24
8,4
9,4
10,29
11,22
12,14
13,14
14,25
15,35
16,12
17,10
18,6
19,19
20,27
21,7
22,32
23,22
24,18
25,19
26,11
27,23
28,19
29,9
30,2
31,19
32,37
33,5
34,22
35,22
36,18
37,14
38,12
39,31
40,18
41,29
42,13
43,33
44,10
45,7
46,31
47,26
48,26
49,14
50,3
51,11
52,17
53,19
54,13
55,22
56,40
57,25
58,23
59,6
60,21
61,19
62,16
63,19
64,20
65,26
66,14
67,23
68,22
69,28
70,28
71,11
72,11
73,20
74,25
75,3
76,23
77,15
78,29
79,14
80,25
81,11
82,13
83,20
84,12
85,32
86,18
87,25
88,22
89,5
90,1
91,16
92,24
93,31
94,17
95,29
96,25
97,30
98,30
99,28
100,7
101,5
102,20
103,14
104,39
105,25
106,19
107,29
108,21
109,47
110,21
111,27
112,10
113,41
114,22
115,23
116,47
117,25
118,29
119,20
120,16
121,18
122,17
123,11
124,33
125,14
126,14
127,28
128,12
129,9
130,18
131,25
132,14
133,17
134,30
135,16
136,25
137,29
138,6
139,3
140,4
141,11
142,26
143,19
144,6
145,12
146,16
147,29
148,26
149,25
150,19
151,8
152,22
153,17
154,14
155,14
156,17
157,19
158,21
159,10
160,25
161,28
162,16
163,19
164,20
165,14
166,9
167,7
168,7
169,17
170,11
171,7
172,17
173,14
174,14
175,21
176,19
177,15
178,22
179,7
180,10
181,21
182,18
183,32
184,27
185,7
186,17
187,21
188,11
189,18
190,21
191,36
192,12
193,30
194,15
195,36
196,39
197,54
198,52
199,8
200,21
201,7
202,29
203,23
204,12
205,27
206,10
207,26
208,30
209,21
210,21
211,22
212,22
213,26
214,31
215,33
216,22
217,11
218,31
219,10
220,29
221,39
222,19
223,31
224,12
225,8
226,33
227,26
228,23
229,20
230,10
231,15
232,35
233,3
234,26
235,17
236,8
237,7
238,26
239,5
240,27
241,51
242,3
243,8
244,17
245,13
246,11
247,38
248,25
249,23
250,27
251,27
252,24
253,25
254,15
255,30
256,31
257,23
258,30
259,14
260,12
261,11
262,9
263,25
264,13
265,20
266,22
267,45
268,12
269,36
270,43
271,17
272,29
273,6
274,32
275,26
276,21
277,15
278,27
279,15
280,17
281,10
282,36
283,27
284,20
285,18
286,10
287,19
288,17
289,8
290,19
291,34
292,40
293,28
294,15
295,27
296,27
297,18
298,24
299,19
300,15
301,16
302,15
303,32
304,28
305,5
306,6
307,16
308,15
309,21
310,18
311,2
312,2
313,17
314,9
315,16
316,36
317,28
318,11
319,47
320,19
321,15
322,21
323,12
324,24
325,4
326,6
327,17
328,18
329,16
330,20
331,19
332,35
333,6
334,19
335,21
336,5
337,21
338,13
339,15
340,25
341,8
342,9
343,8
344,11
345,21
346,26
347,29
348,52
349,17
350,38
351,27
352,24
353,31
354,27
355,23
356,35
357,12
358,14
359,26
360,25
361,31
362,24
363,20
364,31
365,20
366,18
367,19
368,32
369,17
370,31
371,18
372,18
373,17
374,16
375,30
376,21
377,23
378,11
379,14
380,18
381,13
382,21
383,24
384,25
385,43
386,26
387,21
388,5
389,32
390,21
391,25
392,18
393,27
394,16
395,18
396,26
397,18
398,28
399,22
400,23
401,33
402,22
403,30
404,11
405,21
406,17
407,23
408,32
409,12
410,28
411,11
412,14
413,8
414,14
415,25
416,16
417,41
418,31
419,38
420,22
421,18
422,29
423,21
424,16
425,15
426,12
427,22
428,12
429,15
430,29
431,37
432,6
433,19
434,11
435,22
436,19
437,25
438,28
439,22
440,17
441,37
442,25
443,13
444,19
445,5
446,8
447,14
448,21
449,34
450,25
451,17
452,15
453,5
454,8
455,10
456,44
457,10
458,13
459,19
460,18
461,20
462,17
463,25
464,14
465,26
466,16
467,6
468,12
469,20
470,21
471,19
472,19
473,8
474,21
475,21
476,18
477,32
478,25
479,47
480,17
481,8
482,12
483,18
484,3
485,30
486,14
487,9
488,12
489,31
490,28
491,24
492,15
493,7
494,23
495,10
496,18
497,13
498,14
499,7
500,14
501,3
502,18
503,5
504,29
505,23
506,8
507,14
508,26
509,11
510,17
511,23
512,14
513,15
514,29
515,13
516,14
517,4
518,27
519,10
520,16
521,15
522,21
523,36
524,41
525,48
526,18
527,24
528,36
529,36
530,11
531,23
532,15
533,17
534,21
535,31
536,25
537,18
538,33
539,24
540,13
541,20
542,22
543,17
544,39
545,26
546,18
547,24
548,26
549,17
550,34
551,38
552,44
553,22
554,34
555,16
556,14
557,16
558,19
559,4
560,34
561,32
562,8
563,31
564,43
565,39
566,18
567,16
568,11
569,12
570,12
571,11
572,18
573,14
574,28
575,29
576,19
577,31
578,8
579,10
580,39
581,16
582,27
583,23
584,15
585,16
586,30
587,25
588,20
589,38
590,11
591,49
592,16
593,12
594,31
595,19
596,8
597,19
598,27
599,20
600,29
601,36
602,11
603,24
604,15
605,20
606,17
607,14
608,35
609,0
610,24
611,23
612,15
613,24
614,17
615,17
616,19
617,13
618,23
619,34
620,23
621,30
622,21
623,30
624,27
625,36
626,7
627,43
628,12
629,29
630,23
631,23
632,29
633,31
634,32
635,31
636,7
637,21
638,21
639,39
640,12
641,25
642,14
643,23
644,1
645,1
646,25
647,14
648,0
649,17
650,14
651,1
652,28
653,18
654,33
655,3
656,15
657,28
658,11
659,16
660,25
661,29
662,9
663,29
664,15
665,21
666,19
667,25
668,9
669,24
670,15
671,32
672,33
673,14
674,17
675,23
676,21
677,17
678,22
679,15
680,27
681,21
682,10
683,19
684,22
685,22
686,27
687,17
688,28
689,24
690,22
691,24
692,45
693,20
694,24
695,19
696,33
697,2
698,35
699,17
700,29
701,27
702,42
703,27
704,11
705,14
706,19
707,15
708,11
709,22
710,11
711,10
712,35
713,23
714,24
715,33
716,18
717,33
718,25
719,35
720,31
721,28
722,13
723,17
724,35
725,23
726,34
727,41
728,30
729,24
730,23
731,23
732,18
733,29
734,28
735,20
736,32
737,33
738,36
739,24
740,24
741,13
742,23
743,17
744,34
745,21
746,14
747,16
748,32
749,40
750,13
751,26
752,26
753,11
754,13
755,28
756,30
757,10
758,18
759,10
760,5
761,37
762,23
763,30
764,11
765,32
766,11
767,21
768,20
769,30
770,25
771,9
772,28
773,33
774,19
775,9
776,32
777,23
778,5
779,12
780,18
781,32
782,28
783,34
784,9
785,8
786,32
787,25
788,34
789,28
790,38
791,18
792,23
793,31
794,45
795,22
796,15
797,13
798,25
799,17
800,12
801,14
802,4
803,34
804,23
805,19
806,17
807,17
808,50
809,10
810,3
811,41
812,25
813,34
814,22
815,25
816,20
817,8
818,15
819,6
820,35
821,11
822,26
823,39
824,5
825,32
826,20
827,12
828,15
829,17
830,20
831,21
832,21
833,13
834,10
835,15
836,10
837,20
838,24
839,37
840,13
841,36
842,14
843,35
844,41
845,29
846,23
847,14
848,33
849,21
850,26
851,30
852,10
853,6
854,29
855,18
856,17
857,16
858,11
859,51
860,5
861,24
862,21
863,20
864,20
865,22
866,17
867,20
868,30
869,4
870,38
871,42
872,11
873,3
874,36
875,30
876,10
877,28
878,26
879,37
880,12
881,31
882,19
883,15
884,28
885,25
886,12
887,21
888,20
889,39
890,30
891,13
892,26
893,32
894,4
895,9
896,27
897,46
898,12
899,28
900,22
901,17
902,35
903,26
904,35
905,57
906,25
907,18
908,30
909,20
910,16
911,5
912,12
913,9
914,8
915,23
916,28
917,8
918,22
919,19
920,13
921,25
922,20
923,11
924,22
925,16
926,25
927,24
928,25
929,33
930,12
931,13
932,23
933,22
934,21
935,18
936,12
937,12
938,7
939,23
940,8
941,9
942,16
943,3
944,9
945,5
946,12
947,13
948,27
949,24
950,22
951,29
952,22
953,15
954,23
955,30
956,19
957,20
958,35
959,20
960,15
961,27
962,23
963,28
964,33
965,22
966,17
967,14
968,21
969,14
970,14
971,26
972,21
973,9
974,16
975,30
976,44
977,30
978,41
979,27
980,40
981,22
982,12
983,13
984,19
985,16
986,23
987,20
988,12
989,11
990,23
991,29
992,15
993,32
994,10
995,14
996,16
997,30
998,17
999,14
1000,21
1001,20
1002,14
1003,18
1004,28
1005,13
1006,20
1007,11
1008,12
1009,13
1010,29
1011,47
1012,25
1013,13
1014,35
1015,58
1016,30
1017,23
1018,32
1019,35
1020,26
1021,19
1022,13
1023,9
1024,7
1025,16
1026,24
1027,6
1028,24
1029,23
1030,9
1031,22
1032,5
1033,17
1034,32
1035,13
1036,32
1037,16
1038,21
1039,6
1040,26
1041,19
1042,14
1043,8
1044,12
1045,34
1046,28
1047,5
1048,31
1049,29
1050,30
1051,31
1052,18
1053,13
1054,16
1055,38
1056,6
1057,16
1058,23
1059,16
1060,23
1061,33
1062,20
1063,7
1064,29
1065,14
1066,23
1067,9
1068,12
1069,24
1070,21
1071,6
1072,19
1073,31
1074,24
1075,14
1076,15
1077,25
1078,34
1079,4
1080,37
1081,19
1082,16
1083,22
1084,25
1085,31
1086,29
1087,17
1088,21
1089,12
1090,11
1091,14
1092,10
1093,38
1094,37
1095,27
1096,25
1097,8
1098,12
1099,15
1100,15
1101,2
1102,27
1103,46
1104,21
1105,17
1106,26
1107,35
1108,12
1109,12
1110,15
1111,9
1112,26
1113,38
1114,22
1115,33
1116,31
1117,42
1118,5
1119,38
1120,15
1121,23
1122,40
1123,24
1124,18
1125,32
1126,18
1127,11
1128,17
1129,23
1130,5
1131,10
1132,28
1133,10
1134,29
1135,18
1136,10
1137,10
1138,41
1139,11
1140,27
1141,13
1142,16
1143,16
1144,19
1145,16
1146,23
1147,23
1148,25
1149,3
1150,21
1151,23
1152,32
1153,23
1154,21
1155,31
1156,13
1157,11
1158,30
1159,14
1160,15
1161,8
1162,25
1163,29
1164,27
1165,17
1166,23
1167,21
1168,19
1169,31
1170,9
1171,24
1172,21
1173,49
1174,17
1175,21
1176,38
1177,30
1178,32
1179,33
1180,31
1181,34
1182,22
1183,35
1184,17
1185,40
1186,27
1187,13
1188,8
1189,19
1190,26
1191,14
1192,19
1193,27
1194,25
1195,19
1196,29
1197,28
1198,17
1199,27
1200,30
1201,21
1202,17
1203,18
1204,18
1205,10
1206,17
1207,15
1208,26
1209,15
1210,22
1211,22
1212,24
1213,14
1214,15
1215,20
1216,14
1217,20
1218,30
1219,10
1220,29
1221,17
1222,31
1223,21
1224,47
1225,32
1226,29
1227,10
1228,28
1229,13
1230,22
1231,19
1232,22
1233,24
1234,18
1235,17
1236,21
1237,22
1238,15
1239,42
1240,30
1241,16
1242,17
1243,33
1244,15
1245,15
1246,39
1247,32
1248,19
1249,15
1250,15
1251,28
1252,38
1253,20
1254,17
1255,30
1256,34
1257,37
1258,4
1259,33
1260,29
1261,19
1262,31
1263,12
1264,17
1265,19
1266,26
1267,17
1268,13
1269,39
1270,32
1271,26
1272,34
1273,27
1274,18
1275,19
1276,9
1277,28
1278,21
1279,10
1280,13
1281,27
1282,8
1283,12
1284,23
1285,10
1286,10
1287,30
1288,21
1289,27
1290,19
1291,14
1292,30
1293,9
1294,6
1295,15
1296,35
1297,30
1298,16
1299,24
1300,23
1301,22
1302,23
1303,9
1304,35
1305,23
1306,15
1307,41
1308,22
1309,25
1310,34
1311,21
1312,7
1313,24
1314,19
1315,17
1316,28
1317,26
1318,22
1319,20
1320,28
1321,27
1322,17
1323,31
1324,39
1325,15
1326,22
1327,14
1328,19
1329,16
1330,41
1331,8
1332,14
1333,32
1334,31
1335,17
1336,17
1337,13
1338,17
1339,28
1340,41
1341,20
1342,43
1343,27
1344,13
1345,27
1346,52
1347,22
1348,25
1349,38
1350,35
1351,15
1352,28
1353,6
1354,13
1355,34
1356,32
1357,11
1358,29
1359,37
1360,27
1361,28
1362,19
1363,25
1364,11
1365,31
1366,11
1367,21
1368,36
1369,35
1370,6
1371,19
1372,17
1373,24
1374,19
1375,3
1376,29
1377,22
1378,11
1379,13
1380,9
1381,40
1382,18
1383,22
1384,19
1385,6
1386,23
1387,25
1388,32
1389,9
1390,26
1391,10
1392,34
1393,18
1394,16
1395,21
1396,36
1397,7
1398,11
1399,7
1400,27
1401,16
1402,20
1403,6
1404,16
1405,8
1406,9
1407,11
1408,24
1409,22
1410,14
1411,26
1412,18
1413,23
1414,6
1415,32
1416,11
1417,3
1418,3
1419,5
1420,20
1421,6
1422,21
1423,16
1424,19
1425,17
1426,10
1427,21
1428,15
1429,16
1430,20
1431,25
1432,13
1433,4
1434,9
1435,12
1436,32
1437,10
1438,8
1439,19
1440,20
1441,6
1442,26
1443,12
1444,21
1445,18
1446,14
1447,5
1448,9
1449,13
1450,32
1451,14
1452,11
1453,17
1454,14
1455,15
1456,22
1457,29
1458,10
1459,12
1460,11
1461,21
1462,22
1463,2
1464,23
1465,27
1466,14
1467,20
1468,24
1469,10
1470,18
1471,10
1472,4
1473,14
1474,28
1475,27
1476,25
1477,25
1478,20
1479,21
1480,17
1481,19
1482,24
1483,16
1484,9
1485,10
1486,6
1487,8
1488,39
1489,18
1490,4
1491,15
1492,10
1493,36
1494,12
1495,17
1496,8
1497,30
1498,14
1499,1
1500,15
1501,12
1502,28
1503,30
1504,38
1505,18
1506,16
1507,15
1508,7
1509,25
1510,21
1511,29
1512,33
1513,19
1514,16
1515,9
1516,32
1517,37
1518,20
1519,13
1520,1
1521,31
1522,23
1523,30
1524,30
1525,31
1526,24
1527,8
1528,35
1529,9
1530,12
1531,14
1532,23
1533,48
1534,37
1535,19
1536,9
1537,22
1538,20
1539,32
1540,14
1541,40
1542,28
1543,25
1544,19
1545,31
1546,17
1547,19
1548,25
1549,11
1550,1
1551,14
1552,11
1553,3
1554,22
1555,21
1556,30
1557,19
1558,11
1559,23
1560,32
1561,18
1562,24
1563,31
1564,12
1565,12
1566,17
1567,16
1568,25
1569,14
1570,26
1571,23
1572,6
1573,23
1574,32
1575,22
1576,11
1577,13
1578,26
1579,19
1580,7
1581,17
1582,35
1583,11
1584,13
1585,32
1586,20
1587,21
1588,28
1589,40
1590,11
1591,24
1592,20
1593,24
1594,5
1595,10
1596,13
1597,27
1598,15
1599,28
1600,20
1601,24
1602,12
1603,16
1604,53
1605,19
1606,7
1607,32
1608,28
1609,19
1610,33
1611,17
1612,15
1613,15
1614,23
1615,13
1616,13
1617,24
1618,24
1619,10
1620,2
1621,21
1622,12
1623,20
1624,7
1625,35
1626,11
1627,16
1628,28
1629,6
1630,25
1631,15
1632,14
1633,32
1634,42
1635,18
1636,2
1637,18
1638,5
1639,1
1640,1
1641,13
1642,12
1643,30
1644,25
1645,9
1646,17
1647,10
1648,4
1649,24
1650,32
1651,18
1652,8
1653,18
1654,7
1655,16
1656,20
1657,1
1658,34
1659,12
1660,12
1661,8
1662,12
1663,6
1664,8
1665,26
1666,10
1667,1
1668,25
1669,9
1670,11
1671,11
1672,9
1673,16
1674,11
1675,17
1676,4
1677,14
1678,20
1679,1
1680,19
1681,15
1682,7
1683,6
1684,10
1685,17
1686,9
1687,8
1688,18
1689,10
1690,11
1691,12
1692,5
1693,19
1694,9
1695,7
1696,2
1697,11
1698,26
1699,22
1700,14
1701,10
1702,8
1703,6
1704,14
1705,19
1706,5
1707,11
1708,21
1709,21
1710,14
1711,2
1712,19
1713,13
1714,37
1715,12
1716,9
1717,14
1718,23
1719,1
1720,16
1721,11
1722,13
1723,25
1724,18
1725,17
1726,19
1727,1
1728,38
1729,18
1730,7
1731,13
1732,30
1733,19
1734,24
1735,1
1736,9
1737,32
1738,14
1739,17
1740,8
1741,2
1742,30
1743,36
1744,11
1745,9
1746,21
1747,16
1748,9
1749,13
1750,2
1751,27
1752,14
1753,10
1754,19
1755,13
1756,30
1757,12
1758,12
1759,10
1760,1
1761,18
1762,3
1763,5
1764,16
1765,10
1766,6
1767,15
1768,5
1769,10
1770,15
1771,20
1772,15
1773,21
1774,8
1775,33
1776,19
1777,9
1778,45
1779,11
1780,8
1781,6
1782,11
1783,7
1784,35
1785,17
1786,1
1787,1
1788,28
1789,22
1790,17
1791,35
1792,16
1793,27
1794,6
1795,38
1796,24
1797,49
1798,10
1799,40
1800,32
1801,16
1802,2
1803,2
1804,13
1805,2
1806,8
1807,18
1808,21
1809,20
1810,15
1811,21
1812,32
1813,18
1814,15
1815,26
1816,29
1817,23
1818,10
1819,21
1820,24
1821,12
1822,20
1823,24
1824,17
1825,11
1826,34
1827,15
1828,38
1829,34
1830,18
1831,22
1832,8
1833,19
1834,11
1835,26
1836,10
1837,14
1838,17
1839,8
1840,29
1841,9
1842,16
1843,26
1844,7
1845,19
1846,13
1847,15
1848,20
1849,17
1850,28
1851,7
1852,17
1853,19
1854,12
1855,22
1856,3
1857,16
1858,34
1859,16
1860,14
1861,25
1862,25
1863,14
1864,23
1865,14
1866,14
1867,18
1868,30
1869,5
1870,21
1871,15
1872,9
1873,3
1874,37
1875,8
1876,11
1877,8
1878,44
1879,5
1880,13
1881,16
1882,53
1883,3
1884,18
1885,1
1886,2
1887,11
1888,1
1889,17
1890,16
1891,5
1892,0
1893,1
1894,12
1895,1
1896,5
1897,8
1898,8
1899,47
1900,1
1901,13
1902,11
1903,2
1904,19
1905,26
1906,4
1907,5
1908,11
1909,1
1910,23
1911,9
1912,2
1913,53
1914,4
1915,19
1916,19
1917,3
1918,14
1919,13
1920,1
1921,28
1922,7
1923,5
1924,11
1925,16
1926,3
1927,5
1928,15
1929,15
1930,3
1931,4
1932,1
1933,18
1934,20
1935,6
1936,32
1937,19
1938,8
1939,15
1940,34
1941,17
1942,10
1943,27
1944,13
1945,7
1946,8
1947,6
1948,32
1949,11
1950,32
1951,24
1952,26
1953,21
1954,43
1955,27
1956,25
1957,20
1958,24
1959,18
1960,6
1961,21
1962,19
1963,21
1964,28
1965,30
1966,11
1967,39
1968,30
1969,18
1970,10
1971,20
1972,15
1973,13
1974,30
1975,4
1976,14
1977,10
1978,31
1979,19
1980,24
1981,20
1982,12
1983,45
1984,18
1985,32
1986,13
1987,24
1988,42
1989,19
1990,29
1991,32
1992,15
1993,15
1994,18
1995,12
1996,30
1997,30
1998,10
1999,6
2000,7
2001,23
2002,23
2003,1
2004,25
2005,18
2006,33
2007,20
2008,13
2009,32
2010,17
2011,18
2012,15
2013,23
2014,28
2015,21
2016,19
2017,25
2018,26
2019,43
2020,17
2021,52
2022,30
2023,24
2024,4
2025,8
2026,31
2027,12
2028,47
2029,34
2030,32
2031,40
2032,24
2033,36
2034,27
2035,14
2036,27
2037,35
2038,37
2039,44
2040,26
2041,18
2042,8
2043,35
2044,18
2045,27
2046,22
2047,7
2048,9
2049,5
2050,4
2051,8
2052,3
2053,7
2054,2
2055,11
2056,4
2057,13
2058,3
2059,8
2060,1
2061,7
2062,1
2063,6
2064,2
2065,6
2066,3
2067,8
2068,1
2069,5
2070,1
2071,6
2072,1
2073,14
2074,1
2075,13
2076,4
2077,12
2078,1
2079,32
2080,4
2081,10
2082,0
2083,18
2084,4
2085,15
2086,1
2087,8
2088,7
2089,8
2090,9
2091,12
2092,2
2093,13
2094,5
2095,17
2096,36
2097,24
2098,8
2099,28
2100,10
2101,5
2102,9
2103,16
2104,20
2105,30
2106,19
2107,20
2108,20
2109,16
2110,17
2111,15
2112,38
2113,23
2114,14
2115,28
2116,24
2117,25
2118,22
2119,32
2120,15
2121,15
2122,14
2123,4
2124,21
2125,11
2126,12
2127,9
2128,8
2129,16
2130,32
2131,18
2132,10
2133,27
2134,13
2135,28
2136,33
2137,23
2138,5
2139,4
2140,21
2141,10
2142,6
2143,2
2144,7
2145,12
2146,37
2147,16
2148,18
2149,16
2150,20
2151,27
2152,18
2153,32
2154,16
2155,9
2156,22
2157,19
2158,27
2159,4
2160,43
2161,12
2162,28
2163,33
2164,11
2165,27
2166,13
2167,2
2168,14
2169,17
2170,10
2171,7
2172,16
2173,8
2174,8
2175,19
2176,29
2177,16
2178,16
2179,22
2180,36
2181,13
2182,35
2183,25
2184,8
2185,35
2186,25
2187,18
2188,6
2189,37
2190,20
2191,19
2192,38
2193,17
2194,46
2195,35
2196,3
2197,31
2198,18
2199,14
2200,18
2201,14
2202,11
2203,11
2204,36
2205,11
2206,21
2207,40
2208,27
2209,13
2210,0
2211,1
2212,21
2213,13
2214,15
2215,22
2216,8
2217,25
2218,7
2219,20
2220,18
2221,42
2222,13
2223,19
2224,27
2225,29
2226,20
2227,13
2228,21
2229,26
2230,18
2231,18
2232,18
2233,17
2234,17
2235,31
2236,26
2237,14
2238,9
2239,20
2240,36
2241,15
2242,19
2243,25
2244,20
2245,26
2246,27
2247,14
2248,23
2249,55
2250,28
2251,9
2252,10
2253,25
2254,21
2255,20
2256,17
2257,28
2258,36
2259,7
2260,12
2261,15
2262,37
2263,17
2264,34
2265,21
2266,24
2267,22
2268,10
2269,28
2270,36
2271,14
2272,19
2273,28
2274,6
2275,15
2276,21
2277,22
2278,6
2279,24
2280,27
2281,11
2282,31
2283,9
2284,24
2285,21
2286,7
2287,3
2288,13
2289,21
2290,23
2291,19
2292,4
2293,18
2294,9
2295,18
2296,15
2297,10
2298,22
2299,18
2300,10
2301,16
2302,26
2303,8
2304,21
2305,2
2306,3
2307,3
2308,21
2309,26
2310,16
2311,21
2312,27
2313,29
2314,24
2315,34
2316,19
2317,16
2318,39
2319,10
2320,17
2321,23
2322,30
2323,5
2324,28
2325,5
2326,13
2327,27
2328,14
2329,21
2330,13
2331,17
2332,18
2333,9
2334,45
2335,22
2336,16
2337,13
2338,9
2339,7
2340,21
2341,29
2342,21
2343,18
2344,16
2345,5
2346,11
2347,17
2348,13
2349,5
2350,24
2351,20
2352,23
2353,24
2354,7
2355,36
2356,29
2357,38
2358,5
2359,32
2360,25
2361,15
2362,7
2363,20
2364,16
2365,25
2366,19
2367,12
2368,21
2369,4
2370,29
2371,19
2372,26
2373,13
2374,22
2375,4
2376,13
2377,20
2378,15
2379,11
2380,21
2381,37
2382,38
2383,29
2384,28
2385,19
2386,9
2387,20
2388,43
2389,6
2390,28
2391,2
2392,14
2393,28
2394,29
2395,2
2396,17
2397,24
2398,20
2399,3
2400,14
2401,30
2402,30
2403,3
2404,11
2405,12
2406,5
2407,3
2408,11
2409,30
2410,9
2411,20
2412,9
2413,21
2414,32
2415,11
2416,13
2417,21
2418,13
2419,28
2420,28
2421,23
2422,22
2423,11
2424,18
2425,23
2426,20
2427,21
2428,18
2429,38
2430,29
2431,23
2432,15
2433,28
2434,16
2435,23
2436,17
2437,17
2438,14
2439,24
2440,1
2441,25
2442,2
2443,1
2444,15
2445,1
2446,29
2447,18
2448,13
2449,9
2450,43
2451,36
2452,16
2453,32
2454,12
2455,26
2456,18
2457,8
2458,24
2459,10
2460,18
2461,2
2462,14
2463,10
2464,26
2465,26
2466,25
2467,23
2468,2
2469,27
2470,6
2471,7
2472,42
2473,24
2474,26
2475,15
2476,17
2477,16
2478,25
2479,36
2480,17
2481,37
2482,24
2483,21
2484,14
2485,22
2486,38
2487,6
2488,22
2489,19
2490,50
2491,35
2492,12
2493,15
2494,11
2495,4
2496,9
2497,33
2498,35
2499,30
2500,21
2501,56
2502,40
2503,20
2504,27
2505,25
2506,10
2507,25
2508,38
2509,22
2510,34
2511,40
2512,17
2513,28
2514,16
2515,9
2516,22
2517,27
2518,23
2519,14
2520,28
2521,32
2522,13
2523,15
2524,24
2525,22
2526,18
2527,13
2528,19
2529,24
2530,10
2531,19
2532,18
2533,35
2534,20
2535,10
2536,18
2537,15
2538,12
2539,14
2540,15
2541,11
2542,22
2543,12
2544,24
2545,8
2546,1
2547,7
2548,13
2549,11
2550,18
2551,11
2552,11
2553,5
2554,21
2555,32
2556,11
2557,16
2558,32
2559,21
2560,21
2561,12
2562,11
2563,19
2564,27
2565,23
2566,16
2567,9
2568,11
2569,8
2570,6
2571,24
2572,35
2573,9
2574,29
2575,25
2576,23
2577,20
2578,32
2579,16
2580,46
2581,3
2582,36
2583,39
2584,18
2585,5
2586,6
2587,15
2588,13
2589,10
2590,11
2591,13
2592,28
2593,21
2594,22
2595,12
2596,27
2597,26
2598,18
2599,24
2600,9
2601,12
2602,9
2603,11
2604,9
2605,33
2606,15
2607,28
2608,31
2609,6
2610,13
2611,29
2612,27
2613,37
2614,17
2615,19
2616,26
2617,21
2618,7
2619,23
2620,29
2621,21
2622,22
2623,25
2624,25
2625,21
2626,35
2627,21
2628,11
2629,41
2630,21
2631,27
2632,22
2633,7
2634,13
2635,8
2636,27
2637,16
2638,32
2639,9
2640,20
2641,49
2642,16
2643,1
2644,22
2645,22
2646,43
2647,45
2648,7
2649,12
2650,36
2651,8
2652,20
2653,29
2654,13
2655,20
2656,28
2657,16
2658,9
2659,17
2660,20
2661,38
2662,22
2663,29
2664,11
2665,19
2666,22
2667,11
2668,15
2669,17
2670,5
2671,5
2672,33
2673,15
2674,23
2675,36
2676,4
2677,16
2678,7
2679,6
2680,18
2681,16
2682,4
2683,15
2684,13
2685,17
2686,28
2687,13
2688,6
2689,18
2690,4
2691,2
2692,2
2693,2
2694,16
2695,6
2696,3
2697,14
2698,3
2699,8
2700,5
2701,7
2702,2
2703,14
2704,8
2705,14
2706,10
2707,3
2708,4
2709,6
2710,8
2711,18
2712,27
2713,16
2714,3
2715,7
2716,3
2717,5
2718,10
2719,15
2720,12
2721,36
2722,5
2723,25
2724,28
2725,10
2726,4
2727,20
2728,14
2729,3
2730,14
2731,4
2732,5
2733,4
2734,2
2735,26
2736,23
2737,7
2738,8
2739,5
2740,23
2741,13
2742,11
2743,8
2744,16
2745,29
2746,8
2747,10
2748,27
2749,6
2750,9
2751,12
2752,10
2753,3
2754,27
2755,50
2756,27
2757,13
2758,38
2759,29
2760,42
2761,23
2762,18
2763,25
2764,14
2765,18
2766,18
2767,16
2768,15
2769,9
2770,13
2771,19
2772,9
2773,15
2774,32
2775,11
2776,5
2777,33
2778,43
2779,18
2780,13
2781,16
2782,18
2783,28
2784,13
2785,15
2786,21
2787,16
2788,12
2789,18
2790,17
2791,19
2792,30
2793,28
2794,17
2795,28
2796,23
2797,21
2798,4
2799,7
2800,2
2801,4
2802,2
2803,1
2804,3
2805,7
2806,9
2807,18
2808,10
2809,16
2810,13
2811,11
2812,24
2813,11
2814,23
2815,17
2816,21
2817,32
2818,13
2819,29
2820,34
2821,37
2822,15
2823,13
2824,20
2825,11
2826,26
2827,13
2828,12
2829,9
2830,41
2831,9
2832,5
2833,13
2834,10
2835,13
2836,22
2837,9
2838,11
2839,24
2840,30
2841,9
2842,20
2843,19
2844,39
2845,8
2846,5
2847,10
2848,18
2849,25
2850,18
2851,27
2852,21
2853,13
2854,20
2855,20
2856,26
2857,29
2858,30
2859,12
2860,10
2861,14
2862,8
2863,40
2864,9
2865,12
2866,31
2867,14
2868,10
2869,36
2870,41
2871,23
2872,42
2873,13
2874,4
2875,9
2876,26
2877,8
2878,22
2879,28
2880,75
2881,13
2882,12
2883,32
2884,20
2885,39
2886,27
2887,16
2888,13
2889,22
2890,9
2891,10
2892,22
2893,33
2894,29
2895,27
2896,30
2897,36
2898,20
2899,22
2900,18
2901,21
2902,3
2903,8
2904,21
2905,33
2906,17
2907,22
2908,18
2909,13
2910,22
2911,25
2912,32
2913,19
2914,10
2915,18
2916,33
2917,23
2918,25
2919,51
2920,9
2921,34
2922,32
2923,40
2924,10
2925,17
2926,5
2927,13
2928,12
2929,23
2930,17
2931,16
2932,13
2933,4
2934,11
2935,7
2936,6
2937,6
2938,2
2939,6
2940,3
2941,5
2942,10
2943,9
2944,4
2945,11
2946,1
2947,16
2948,20
2949,31
2950,27
2951,26
2952,17
2953,21
2954,21
2955,26
2956,26
2957,14
2958,27
2959,43
2960,28
2961,31
2962,20
2963,21
2964,35
2965,9
2966,20
2967,12
2968,16
2969,27
2970,36
2971,28
2972,25
2973,33
2974,22
2975,13
2976,36
2977,17
2978,30
2979,36
2980,15
2981,4
2982,21
2983,7
2984,18
2985,19
2986,7
2987,33
2988,15
2989,19
2990,16
2991,29
2992,21
2993,16
2994,12
2995,26
2996,30
2997,5
2998,17
2999,14
3000,19
3001,8
3002,32
3003,21
3004,13
3005,8
3006,15
3007,17
3008,17
3009,13
3010,27
3011,37
3012,13
3013,24
3014,20
3015,17
3016,24
3017,24
3018,21
3019,34
3020,15
3021,16
3022,13
3023,12
3024,9
3025,9
3026,26
3027,22
3028,30
3029,18
3030,11
3031,3
3032,14
3033,17
3034,15
3035,6
3036,28
3037,13
3038,22
3039,25
3040,4
3041,35
3042,11
3043,18
3044,18
3045,28
3046,22
3047,36
3048,27
3049,10
3050,15
3051,25
3052,27
3053,14
3054,17
3055,18
3056,14
3057,32
3058,5
3059,21
3060,12
3061,14
3062,32
3063,36
3064,6
3065,28
3066,24
3067,32
3068,24
3069,30
3070,45
3071,22
3072,38
3073,27
3074,24
3075,29
3076,23
3077,25
3078,24
3079,28
3080,25
3081,26
3082,21
3083,31
3084,26
3085,23
3086,17
3087,19
3088,35
3089,7
3090,27
3091,26
3092,30
3093,37
3094,29
3095,4
3096,35
3097,20
3098,24
3099,38
3100,15
3101,9
3102,33
3103,20
3104,43
3105,22
3106,33
3107,19
3108,24
3109,18
3110,23
3111,19
3112,23
3113,13
3114,37
3115,3
3116,32
3117,14
3118,18
3119,21
3120,21
3121,24
3122,20
3123,20
3124,45
3125,19
3126,28
3127,19
3128,23
3129,12
3130,12
3131,8
3132,15
3133,13
3134,27
3135,16
3136,16
3137,20
3138,33
3139,28
3140,25
3141,19
3142,33
3143,15
3144,15
3145,24
3146,32
3147,15
3148,9
3149,26
3150,3
3151,17
3152,21
3153,20
3154,17
3155,22
3156,5
3157,39
3158,16
3159,24
3160,27
3161,9
3162,11
3163,27
3164,33
3165,22
3166,7
3167,5
3168,34
3169,18
3170,34
3171,22
3172,30
3173,34
3174,15
3175,27
3176,18
3177,18
3178,16
3179,17
3180,10
3181,20
3182,20
3183,36
3184,7
3185,40
3186,34
3187,11
3188,5
3189,19
3190,13
3191,15
3192,13
3193,3
3194,16
3195,5
3196,29
3197,13
3198,20
3199,10
3200,25
3201,30
3202,29
3203,18
3204,16
3205,22
3206,23
3207,24
3208,8
3209,13
3210,59
3211,15
3212,34
3213,32
3214,18
3215,22
3216,10
3217,23
3218,48
3219,8
3220,20
3221,16
3222,62
3223,24
3224,18
3225,16
3226,33
3227,13
3228,19
3229,41
3230,26
3231,44
3232,21
3233,41
3234,23
3235,27
3236,27
3237,22
3238,16
3239,10
3240,18
3241,12
3242,15
3243,14
3244,29
3245,24
3246,28
3247,27
3248,10
3249,13
3250,21
3251,31
3252,3
3253,6
3254,29
3255,12
3256,19
3257,26
3258,22
3259,18
3260,7
3261,16
3262,11
3263,7
3264,10
3265,21
3266,13
3267,29
3268,7
3269,19
3270,19
3271,23
3272,27
3273,14
3274,12
3275,19
3276,9
3277,8
3278,19
3279,16
3280,13
3281,16
3282,6
3283,18
3284,0
3285,3
3286,13
3287,7
3288,12
3289,8
3290,36
3291,27
3292,25
3293,29
3294,18
3295,25
3296,26
3297,9
3298,26
3299,13
3300,24
3301,15
3302,31
3303,44
3304,24
3305,23
3306,33
3307,11
3308,24
3309,16
3310,17
3311,24
3312,30
3313,25
3314,14
3315,22
3316,12
3317,25
3318,36
3319,9
3320,1
3321,23
3322,14
3323,14
3324,27
3325,27
3326,39
3327,35
3328,32
3329,16
3330,33
3331,3
3332,18
3333,14
3334,20
3335,10
3336,23
3337,20
3338,5
3339,27
3340,26
3341,63
3342,21
3343,20
3344,25
3345,25
3346,8
3347,10
3348,6
3349,21
3350,4
3351,20
3352,10
3353,12
3354,15
3355,23
3356,6
3357,13
3358,32
3359,28
3360,9
3361,23
3362,26
3363,9
3364,7
3365,39
3366,25
3367,24
3368,31
3369,16
3370,25
3371,40
3372,26
3373,29
3374,21
3375,28
3376,37
3377,45
3378,20
3379,33
3380,28
3381,22
3382,21
3383,39
3384,28
3385,47
3386,8
3387,21
3388,22
3389,29
3390,32
3391,4
3392,31
3393,18
3394,17
3395,29
3396,10
3397,13
3398,35
3399,38
3400,35
3401,41
3402,26
3403,21
3404,21
3405,18
3406,24
3407,31
3408,23
3409,22
3410,35
3411,37
3412,15
3413,23
3414,17
3415,20
3416,27
3417,29
3418,37
3419,25
3420,30
3421,17
3422,20
3423,28
3424,17
3425,17
3426,12
3427,19
3428,9
3429,43
3430,15
3431,23
3432,15
3433,32
3434,23
3435,25
3436,30
3437,17
3438,6
3439,24
3440,18
3441,32
3442,36
3443,11
3444,51
3445,43
3446,28
3447,16
3448,52
3449,40
3450,24
3451,32
3452,18
3453,16
3454,14
3455,25
3456,11
3457,39
3458,19
3459,24
3460,22
3461,19
3462,31
3463,25
3464,23
3465,17
3466,12
3467,30
3468,20
3469,36
3470,29
3471,11
3472,22
3473,14
3474,31
3475,34
3476,15
3477,35
3478,22
3479,32
3480,31
3481,8
3482,8
3483,29
3484,27
3485,13
3486,19
3487,10
3488,18
3489,15
3490,25
3491,7
3492,27
3493,19
3494,15
3495,4
3496,18
3497,11
3498,15
3499,14
3500,19
3501,18
3502,9
3503,15
3504,20
3505,6
3506,4
3507,22
3508,16
3509,5
3510,10
3511,11
3512,17
3513,10
3514,18
3515,16
3516,22
3517,29
3518,14
3519,13
3520,8
3521,18
3522,21
3523,15
3524,12
3525,43
3526,36
3527,22
3528,23
3529,25
3530,36
3531,36
3532,15
3533,28
3534,18
3535,9
3536,19
3537,12
3538,33
3539,34
3540,37
3541,49
3542,41
3543,12
3544,23
3545,32
3546,11
3547,29
3548,36
3549,22
3550,20
3551,12
3552,17
3553,21
3554,41
3555,27
3556,43
3557,22
3558,24
3559,31
3560,22
3561,42
3562,39
3563,27
3564,18
3565,27
3566,10
3567,16
3568,35
3569,33
3570,12
3571,31
3572,9
3573,7
3574,18
3575,12
3576,16
3577,27
3578,22
3579,33
3580,16
3581,23
3582,20
3583,18
3584,23
3585,24
3586,15
3587,20
3588,20
3589,27
3590,24
3591,17
3592,23
3593,12
3594,26
3595,19
3596,40
3597,16
3598,24
3599,10
3600,28
3601,32
3602,29
3603,19
3604,24
3605,27
3606,17
3607,27
3608,34
3609,13
3610,28
3611,11
3612,29
3613,35
3614,6
3615,11
3616,24
3617,19
3618,22
3619,18
3620,28
3621,19
3622,29
3623,27
3624,22
3625,24
3626,30
3627,28
3628,44
3629,10
3630,31
3631,17
3632,11
3633,21
3634,14
3635,37
3636,23
3637,16
3638,38
3639,24
3640,23
3641,9
3642,21
3643,25
3644,18
3645,18
3646,42
3647,19
3648,22
3649,37
3650,20
3651,9
3652,8
3653,21
3654,22
3655,17
3656,21
3657,10
3658,28
3659,22
3660,13
3661,23
3662,21
3663,14
3664,13
3665,13
3666,6
3667,0
3668,30
3669,23
3670,27
3671,38
3672,33
3673,16
3674,53
3675,23
3676,40
3677,20
3678,11
3679,21
3680,19
3681,22
3682,11
3683,27
3684,20
3685,27
3686,16
3687,43
3688,13
3689,18
3690,6
3691,14
3692,37
3693,23
3694,4
3695,7
3696,21
3697,27
3698,32
3699,17
3700,23
3701,20
3702,20
3703,27
3704,28
3705,19
3706,25
3707,9
3708,21
3709,33
3710,7
3711,24
3712,17
3713,11
3714,20
3715,28
3716,34
3717,11
3718,12
3719,52
3720,18
3721,51
3722,18
3723,11
3724,17
3725,28
3726,11
3727,9
3728,31
3729,31
3730,39
3731,38
3732,42
3733,20
3734,16
3735,7
3736,17
3737,31
3738,26
3739,12
3740,5
3741,37
3742,36
3743,22
3744,13
3745,53
3746,16
3747,28
3748,37
3749,30
3750,31
3751,11
3752,34
3753,27
3754,41
3755,32
3756,35
3757,22
3758,8
3759,20
3760,25
3761,28
