ID,Count
1,4
2,36
3,26
4,30
5,22
6,16
7,20
8,4
9,4
10,29
11,24
12,12
13,14
14,24
15,36
16,13
17,10
18,6
19,21
20,30
21,8
22,34
23,22
24,16
25,19
26,11
27,28
28,20
29,9
30,2
31,18
32,39
33,4
34,18
35,22
36,22
37,14
38,13
39,32
40,16
41,31
42,12
43,32
44,10
45,8
46,30
47,24
48,25
49,13
50,4
51,14
52,13
53,21
54,12
55,23
56,37
57,25
58,25
59,6
60,19
61,19
62,16
63,14
64,21
65,28
66,15
67,21
68,21
69,28
70,31
71,9
72,11
73,21
74,25
75,4
76,25
77,13
78,25
79,13
80,27
81,11
82,14
83,17
84,12
85,35
86,19
87,22
88,21
89,5
90,1
91,17
92,23
93,31
94,17
95,29
96,25
97,30
98,30
99,27
100,9
101,5
102,21
103,15
104,36
105,23
106,18
107,25
108,20
109,47
110,24
111,26
112,11
113,41
114,24
115,24
116,48
117,24
118,27
119,19
120,12
121,19
122,16
123,12
124,31
125,13
126,13
127,29
128,12
129,9
130,15
131,29
132,16
133,14
134,32
135,18
136,26
137,26
138,5
139,3
140,5
141,13
142,25
143,20
144,6
145,11
146,14
147,29
148,24
149,25
150,18
151,8
152,24
153,17
154,13
155,14
156,18
157,19
158,20
159,10
160,27
161,25
162,19
163,19
164,21
165,15
166,10
167,7
168,8
169,17
170,12
171,8
172,16
173,12
174,14
175,20
176,18
177,16
178,31
179,10
180,9
181,18
182,21
183,33
184,26
185,6
186,17
187,18
188,10
189,18
190,20
191,34
192,8
193,29
194,16
195,37
196,43
197,54
198,54
199,9
200,20
201,6
202,32
203,23
204,13
205,28
206,9
207,25
208,24
209,21
210,22
211,18
212,21
213,27
214,33
215,32
216,24
217,12
218,28
219,10
220,26
221,40
222,20
223,30
224,14
225,7
226,33
227,25
228,23
229,18
230,7
231,17
232,39
233,3
234,27
235,16
236,9
237,7
238,23
239,5
240,33
241,52
242,3
243,8
244,16
245,12
246,10
247,40
248,27
249,27
250,26
251,27
252,27
253,25
254,19
255,30
256,31
257,24
258,31
259,17
260,12
261,9
262,12
263,26
264,11
265,20
266,21
267,46
268,12
269,34
270,37
271,19
272,30
273,5
274,30
275,25
276,23
277,15
278,26
279,15
280,16
281,9
282,36
283,27
284,21
285,20
286,8
287,19
288,15
289,8
290,21
291,34
292,41
293,28
294,16
295,25
296,27
297,19
298,24
299,17
300,16
301,16
302,13
303,30
304,28
305,6
306,6
307,12
308,15
309,18
310,15
311,2
312,2
313,17
314,10
315,15
316,38
317,27
318,13
319,43
320,15
321,15
322,21
323,11
324,21
325,4
326,7
327,13
328,18
329,17
330,21
331,16
332,34
333,6
334,16
335,22
336,6
337,22
338,13
339,12
340,24
341,9
342,8
343,5
344,13
345,20
346,25
347,29
348,47
349,14
350,36
351,25
352,23
353,28
354,24
355,24
356,32
357,12
358,16
359,29
360,25
361,32
362,23
363,23
364,33
365,20
366,18
367,22
368,33
369,18
370,33
371,14
372,17
373,18
374,18
375,26
376,22
377,22
378,11
379,14
380,19
381,14
382,23
383,23
384,27
385,44
386,24
387,22
388,5
389,29
390,20
391,27
392,17
393,26
394,15
395,19
396,27
397,20
398,26
399,23
400,25
401,32
402,20
403,25
404,13
405,20
406,16
407,21
408,30
409,12
410,26
411,10
412,14
413,6
414,14
415,23
416,14
417,33
418,31
419,30
420,20
421,19
422,26
423,19
424,15
425,15
426,12
427,21
428,12
429,14
430,26
431,36
432,8
433,13
434,10
435,23
436,20
437,24
438,25
439,19
440,17
441,42
442,26
443,12
444,21
445,7
446,6
447,19
448,20
449,36
450,24
451,20
452,14
453,5
454,6
455,10
456,45
457,10
458,14
459,19
460,15
461,18
462,16
463,25
464,14
465,26
466,15
467,6
468,14
469,21
470,24
471,18
472,18
473,8
474,21
475,21
476,18
477,32
478,25
479,48
480,16
481,8
482,13
483,16
484,3
485,27
486,14
487,9
488,12
489,31
490,29
491,28
492,14
493,8
494,23
495,11
496,20
497,11
498,15
499,9
500,18
501,3
502,17
503,7
504,27
505,21
506,10
507,13
508,29
509,13
510,18
511,22
512,16
513,16
514,27
515,12
516,13
517,3
518,25
519,10
520,16
521,16
522,21
523,35
524,40
525,47
526,20
527,30
528,32
529,42
530,11
531,22
532,14
533,15
534,18
535,29
536,25
537,20
538,36
539,26
540,16
541,19
542,20
543,19
544,41
545,24
546,16
547,22
548,27
549,17
550,33
551,34
552,43
553,24
554,32
555,15
556,14
557,17
558,17
559,4
560,34
561,30
562,7
563,26
564,45
565,39
566,19
567,15
568,11
569,12
570,13
571,10
572,20
573,13
574,28
575,26
576,17
577,31
578,10
579,10
580,37
581,15
582,27
583,22
584,15
585,19
586,29
587,26
588,20
589,38
590,11
591,47
592,16
593,13
594,37
595,18
596,7
597,21
598,29
599,20
600,31
601,35
602,12
603,22
604,15
605,22
606,21
607,16
608,38
609,0
610,29
611,22
612,16
613,23
614,16
615,17
616,18
617,13
618,22
619,33
620,22
621,23
622,21
623,28
624,27
625,36
626,10
627,38
628,13
629,28
630,19
631,20
632,27
633,31
634,33
635,33
636,8
637,18
638,21
639,35
640,11
641,22
642,15
643,24
644,1
645,1
646,25
647,13
648,0
649,16
650,16
651,2
652,25
653,15
654,36
655,1
656,14
657,24
658,11
659,17
660,27
661,28
662,9
663,29
664,15
665,21
666,19
667,26
668,9
669,23
670,16
671,30
672,31
673,14
674,16
675,23
676,19
677,17
678,20
679,15
680,25
681,22
682,10
683,21
684,21
685,21
686,28
687,15
688,27
689,24
690,23
691,27
692,46
693,23
694,25
695,16
696,33
697,5
698,32
699,21
700,28
701,29
702,41
703,27
704,11
705,14
706,19
707,15
708,11
709,18
710,10
711,9
712,33
713,24
714,27
715,32
716,22
717,31
718,24
719,34
720,32
721,31
722,15
723,16
724,38
725,25
726,34
727,41
728,28
729,23
730,24
731,23
732,19
733,27
734,28
735,18
736,30
737,30
738,39
739,20
740,23
741,14
742,25
743,19
744,31
745,18
746,13
747,18
748,33
749,41
750,15
751,27
752,22
753,9
754,14
755,28
756,28
757,12
758,21
759,15
760,5
761,42
762,24
763,30
764,12
765,32
766,13
767,20
768,18
769,31
770,25
771,10
772,31
773,35
774,19
775,8
776,36
777,23
778,5
779,10
780,18
781,32
782,29
783,33
784,9
785,8
786,31
787,29
788,36
789,27
790,40
791,18
792,22
793,33
794,44
795,23
796,13
797,14
798,25
799,14
800,10
801,13
802,4
803,33
804,25
805,19
806,18
807,19
808,49
809,11
810,3
811,38
812,28
813,34
814,21
815,26
816,21
817,9
818,13
819,6
820,33
821,12
822,25
823,36
824,5
825,35
826,21
827,13
828,15
829,17
830,25
831,21
832,22
833,13
834,10
835,14
836,9
837,20
838,23
839,37
840,13
841,36
842,11
843,34
844,42
845,28
846,23
847,12
848,30
849,18
850,24
851,29
852,10
853,6
854,29
855,18
856,16
857,17
858,14
859,48
860,5
861,26
862,22
863,20
864,21
865,21
866,16
867,18
868,31
869,4
870,38
871,43
872,11
873,3
874,39
875,29
876,11
877,26
878,25
879,40
880,12
881,30
882,22
883,17
884,32
885,27
886,11
887,20
888,22
889,45
890,29
891,12
892,31
893,34
894,4
895,6
896,25
897,43
898,12
899,25
900,22
901,18
902,39
903,28
904,36
905,60
906,25
907,17
908,33
909,18
910,13
911,6
912,10
913,8
914,7
915,23
916,27
917,9
918,20
919,18
920,11
921,24
922,21
923,12
924,24
925,16
926,27
927,24
928,23
929,33
930,11
931,13
932,23
933,24
934,21
935,21
936,13
937,13
938,7
939,22
940,9
941,7
942,16
943,3
944,11
945,5
946,12
947,15
948,26
949,22
950,21
951,24
952,22
953,13
954,22
955,30
956,20
957,21
958,35
959,17
960,18
961,24
962,24
963,28
964,35
965,22
966,17
967,14
968,21
969,15
970,14
971,27
972,22
973,8
974,15
975,32
976,43
977,29
978,37
979,25
980,38
981,24
982,12
983,11
984,20
985,15
986,23
987,21
988,14
989,11
990,23
991,28
992,16
993,35
994,10
995,15
996,17
997,29
998,17
999,13
1000,22
1001,20
1002,15
1003,17
1004,28
1005,16
1006,20
1007,11
1008,13
1009,12
1010,29
1011,45
1012,27
1013,14
1014,36
1015,58
1016,32
1017,26
1018,31
1019,37
1020,26
1021,18
1022,12
1023,9
1024,6
1025,19
1026,23
1027,7
1028,24
1029,24
1030,10
1031,22
1032,10
1033,18
1034,33
1035,10
1036,33
1037,17
1038,22
1039,5
1040,25
1041,20
1042,12
1043,9
1044,12
1045,34
1046,25
1047,5
1048,26
1049,28
1050,27
1051,34
1052,15
1053,15
1054,15
1055,38
1056,6
1057,16
1058,22
1059,15
1060,19
1061,28
1062,19
1063,7
1064,30
1065,16
1066,24
1067,9
1068,9
1069,24
1070,22
1071,6
1072,17
1073,27
1074,25
1075,14
1076,13
1077,24
1078,28
1079,6
1080,33
1081,17
1082,17
1083,22
1084,22
1085,31
1086,27
1087,18
1088,23
1089,13
1090,11
1091,15
1092,8
1093,36
1094,37
1095,26
1096,23
1097,7
1098,12
1099,17
1100,15
1101,2
1102,27
1103,44
1104,20
1105,21
1106,25
1107,37
1108,12
1109,10
1110,13
1111,7
1112,26
1113,38
1114,19
1115,31
1116,32
1117,45
1118,6
1119,37
1120,16
1121,24
1122,38
1123,21
1124,16
1125,31
1126,17
1127,11
1128,18
1129,25
1130,5
1131,11
1132,30
1133,9
1134,30
1135,18
1136,7
1137,10
1138,45
1139,11
1140,28
1141,12
1142,19
1143,16
1144,21
1145,17
1146,21
1147,28
1148,24
1149,3
1150,17
1151,22
1152,30
1153,24
1154,21
1155,30
1156,14
1157,8
1158,27
1159,14
1160,14
1161,7
1162,23
1163,26
1164,26
1165,14
1166,25
1167,23
1168,21
1169,34
1170,8
1171,20
1172,24
1173,45
1174,17
1175,21
1176,34
1177,34
1178,32
1179,36
1180,34
1181,35
1182,20
1183,39
1184,17
1185,41
1186,26
1187,13
1188,7
1189,19
1190,25
1191,15
1192,19
1193,26
1194,25
1195,21
1196,28
1197,25
1198,15
1199,27
1200,31
1201,20
1202,17
1203,21
1204,18
1205,10
1206,18
1207,13
1208,26
1209,17
1210,24
1211,27
1212,20
1213,14
1214,15
1215,21
1216,16
1217,20
1218,33
1219,12
1220,29
1221,15
1222,32
1223,20
1224,49
1225,30
1226,26
1227,10
1228,30
1229,10
1230,18
1231,13
1232,22
1233,21
1234,19
1235,17
1236,22
1237,22
1238,11
1239,40
1240,32
1241,15
1242,16
1243,33
1244,16
1245,13
1246,39
1247,36
1248,21
1249,14
1250,13
1251,28
1252,38
1253,18
1254,17
1255,28
1256,33
1257,34
1258,3
1259,31
1260,33
1261,21
1262,32
1263,10
1264,17
1265,20
1266,28
1267,18
1268,13
1269,39
1270,32
1271,26
1272,33
1273,25
1274,16
1275,17
1276,12
1277,26
1278,23
1279,11
1280,13
1281,25
1282,9
1283,10
1284,23
1285,11
1286,11
1287,26
1288,22
1289,26
1290,18
1291,14
1292,30
1293,8
1294,6
1295,15
1296,33
1297,30
1298,17
1299,27
1300,22
1301,23
1302,22
1303,8
1304,35
1305,19
1306,15
1307,45
1308,20
1309,23
1310,31
1311,22
1312,8
1313,24
1314,23
1315,20
1316,28
1317,28
1318,22
1319,20
1320,28
1321,27
1322,16
1323,34
1324,35
1325,15
1326,24
1327,13
1328,17
1329,17
1330,42
1331,8
1332,14
1333,37
1334,29
1335,17
1336,17
1337,13
1338,19
1339,30
1340,42
1341,20
1342,42
1343,29
1344,14
1345,26
1346,49
1347,24
1348,25
1349,39
1350,34
1351,15
1352,31
1353,5
1354,11
1355,36
1356,34
1357,9
1358,29
1359,41
1360,26
1361,29
1362,18
1363,25
1364,11
1365,29
1366,12
1367,18
1368,37
1369,35
1370,7
1371,19
1372,16
1373,22
1374,20
1375,3
1376,32
1377,26
1378,11
1379,14
1380,11
1381,36
1382,19
1383,22
1384,21
1385,5
1386,24
1387,22
1388,32
1389,10
1390,26
1391,10
1392,33
1393,22
1394,16
1395,21
1396,35
1397,7
1398,15
1399,8
1400,23
1401,16
1402,17
1403,7
1404,11
1405,8
1406,10
1407,10
1408,21
1409,21
1410,11
1411,29
1412,16
1413,24
1414,6
1415,28
1416,11
1417,4
1418,4
1419,5
1420,22
1421,7
1422,20
1423,16
1424,18
1425,19
1426,10
1427,21
1428,16
1429,17
1430,20
1431,24
1432,14
1433,5
1434,10
1435,12
1436,30
1437,11
1438,9
1439,20
1440,21
1441,5
1442,25
1443,13
1444,21
1445,18
1446,14
1447,4
1448,9
1449,13
1450,28
1451,12
1452,10
1453,17
1454,15
1455,14
1456,23
1457,29
1458,9
1459,10
1460,14
1461,19
1462,22
1463,0
1464,22
1465,24
1466,13
1467,17
1468,19
1469,12
1470,16
1471,13
1472,7
1473,14
1474,23
1475,26
1476,28
1477,25
1478,20
1479,20
1480,12
1481,17
1482,23
1483,15
1484,10
1485,10
1486,4
1487,7
1488,40
1489,19
1490,4
1491,16
1492,9
1493,29
1494,11
1495,17
1496,9
1497,28
1498,13
1499,1
1500,13
1501,12
1502,24
1503,30
1504,44
1505,16
1506,14
1507,13
1508,6
1509,25
1510,22
1511,25
1512,35
1513,19
1514,17
1515,8
1516,28
1517,35
1518,21
1519,13
1520,1
1521,31
1522,20
1523,31
1524,29
1525,27
1526,24
1527,8
1528,37
1529,8
1530,10
1531,12
1532,22
1533,46
1534,36
1535,17
1536,7
1537,21
1538,19
1539,33
1540,15
1541,45
1542,24
1543,24
1544,18
1545,30
1546,16
1547,19
1548,24
1549,11
1550,1
1551,16
1552,13
1553,3
1554,21
1555,25
1556,28
1557,15
1558,11
1559,24
1560,33
1561,18
1562,27
1563,32
1564,14
1565,12
1566,18
1567,15
1568,23
1569,12
1570,23
1571,23
1572,5
1573,29
1574,32
1575,25
1576,10
1577,14
1578,27
1579,19
1580,7
1581,19
1582,30
1583,12
1584,14
1585,31
1586,20
1587,17
1588,28
1589,40
1590,11
1591,23
1592,20
1593,25
1594,6
1595,9
1596,13
1597,26
1598,16
1599,26
1600,19
1601,28
1602,12
1603,16
1604,44
1605,17
1606,7
1607,30
1608,31
1609,22
1610,31
1611,18
1612,16
1613,14
1614,23
1615,12
1616,14
1617,20
1618,26
1619,7
1620,1
1621,20
1622,9
1623,17
1624,7
1625,42
1626,9
1627,16
1628,29
1629,5
1630,22
1631,18
1632,17
1633,30
1634,39
1635,17
1636,1
1637,17
1638,6
1639,1
1640,2
1641,14
1642,13
1643,31
1644,26
1645,8
1646,18
1647,11
1648,5
1649,25
1650,36
1651,17
1652,8
1653,15
1654,8
1655,15
1656,24
1657,2
1658,33
1659,11
1660,10
1661,9
1662,9
1663,5
1664,9
1665,25
1666,10
1667,1
1668,25
1669,10
1670,12
1671,11
1672,8
1673,15
1674,10
1675,16
1676,4
1677,16
1678,19
1679,1
1680,16
1681,16
1682,7
1683,6
1684,10
1685,14
1686,10
1687,8
1688,16
1689,10
1690,12
1691,10
1692,3
1693,16
1694,9
1695,6
1696,2
1697,11
1698,23
1699,20
1700,15
1701,10
1702,10
1703,6
1704,16
1705,18
1706,4
1707,10
1708,20
1709,19
1710,16
1711,2
1712,19
1713,13
1714,38
1715,12
1716,12
1717,14
1718,19
1719,1
1720,19
1721,12
1722,12
1723,21
1724,19
1725,16
1726,17
1727,0
1728,37
1729,18
1730,8
1731,11
1732,29
1733,20
1734,22
1735,1
1736,9
1737,32
1738,12
1739,16
1740,5
1741,2
1742,28
1743,35
1744,16
1745,9
1746,21
1747,16
1748,11
1749,13
1750,1
1751,25
1752,15
1753,11
1754,20
1755,13
1756,31
1757,11
1758,12
1759,8
1760,1
1761,18
1762,4
1763,5
1764,15
1765,11
1766,6
1767,13
1768,4
1769,11
1770,19
1771,18
1772,14
1773,19
1774,10
1775,30
1776,16
1777,9
1778,38
1779,11
1780,5
1781,7
1782,11
1783,6
1784,33
1785,18
1786,2
1787,2
1788,35
1789,24
1790,20
1791,30
1792,19
1793,29
1794,6
1795,35
1796,23
1797,47
1798,10
1799,39
1800,31
1801,19
1802,3
1803,2
1804,12
1805,2
1806,7
1807,17
1808,19
1809,19
1810,16
1811,19
1812,32
1813,17
1814,14
1815,31
1816,25
1817,23
1818,12
1819,20
1820,23
1821,10
1822,19
1823,24
1824,18
1825,11
1826,33
1827,15
1828,32
1829,34
1830,22
1831,21
1832,6
1833,18
1834,11
1835,24
1836,8
1837,15
1838,16
1839,8
1840,28
1841,9
1842,18
1843,26
1844,9
1845,21
1846,12
1847,12
1848,23
1849,17
1850,30
1851,7
1852,20
1853,19
1854,12
1855,22
1856,3
1857,16
1858,31
1859,15
1860,13
1861,23
1862,25
1863,17
1864,20
1865,16
1866,13
1867,18
1868,29
1869,7
1870,22
1871,15
1872,7
1873,3
1874,34
1875,7
1876,11
1877,8
1878,39
1879,5
1880,15
1881,16
1882,53
1883,5
1884,18
1885,1
1886,2
1887,11
1888,1
1889,16
1890,16
1891,4
1892,0
1893,1
1894,14
1895,0
1896,5
1897,10
1898,10
1899,47
1900,1
1901,13
1902,11
1903,2
1904,19
1905,25
1906,5
1907,6
1908,11
1909,2
1910,23
1911,9
1912,3
1913,53
1914,6
1915,19
1916,21
1917,2
1918,15
1919,11
1920,1
1921,28
1922,7
1923,5
1924,9
1925,17
1926,4
1927,5
1928,13
1929,17
1930,4
1931,4
1932,1
1933,16
1934,21
1935,6
1936,28
1937,18
1938,8
1939,16
1940,34
1941,17
1942,8
1943,27
1944,13
1945,6
1946,7
1947,6
1948,33
1949,10
1950,30
1951,24
1952,25
1953,21
1954,41
1955,26
1956,27
1957,21
1958,24
1959,19
1960,7
1961,25
1962,17
1963,20
1964,28
1965,28
1966,11
1967,36
1968,28
1969,18
1970,10
1971,18
1972,14
1973,13
1974,28
1975,4
1976,16
1977,11
1978,28
1979,18
1980,22
1981,17
1982,13
1983,42
1984,19
1985,28
1986,16
1987,27
1988,42
1989,18
1990,27
1991,30
1992,16
1993,14
1994,18
1995,14
1996,27
1997,34
1998,11
1999,5
2000,9
2001,26
2002,21
2003,1
2004,25
2005,17
2006,32
2007,24
2008,14
2009,34
2010,16
2011,19
2012,16
2013,23
2014,33
2015,21
2016,19
2017,26
2018,24
2019,43
2020,17
2021,51
2022,30
2023,22
2024,3
2025,8
2026,31
2027,12
2028,47
2029,36
2030,33
2031,37
2032,23
2033,37
2034,25
2035,14
2036,29
2037,37
2038,38
2039,45
2040,25
2041,19
2042,8
2043,39
2044,20
2045,28
2046,25
2047,7
2048,9
2049,5
2050,3
2051,10
2052,2
2053,7
2054,3
2055,11
2056,4
2057,11
2058,2
2059,7
2060,1
2061,7
2062,1
2063,6
2064,2
2065,7
2066,4
2067,8
2068,1
2069,6
2070,1
2071,7
2072,1
2073,14
2074,4
2075,13
2076,3
2077,13
2078,1
2079,29
2080,4
2081,11
2082,0
2083,18
2084,4
2085,14
2086,1
2087,8
2088,8
2089,8
2090,7
2091,13
2092,2
2093,14
2094,6
2095,17
2096,35
2097,24
2098,6
2099,28
2100,10
2101,4
2102,6
2103,15
2104,18
2105,32
2106,17
2107,21
2108,18
2109,15
2110,16
2111,10
2112,42
2113,23
2114,11
2115,27
2116,22
2117,21
2118,24
2119,31
2120,12
2121,13
2122,14
2123,5
2124,19
2125,12
2126,11
2127,10
2128,8
2129,16
2130,33
2131,18
2132,10
2133,24
2134,12
2135,25
2136,32
2137,20
2138,5
2139,2
2140,21
2141,10
2142,5
2143,1
2144,9
2145,12
2146,34
2147,14
2148,21
2149,15
2150,21
2151,32
2152,17
2153,30
2154,18
2155,10
2156,22
2157,19
2158,24
2159,4
2160,42
2161,13
2162,32
2163,34
2164,11
2165,22
2166,13
2167,2
2168,15
2169,20
2170,10
2171,7
2172,19
2173,10
2174,7
2175,19
2176,29
2177,15
2178,17
2179,21
2180,31
2181,12
2182,31
2183,24
2184,7
2185,34
2186,25
2187,14
2188,8
2189,32
2190,23
2191,17
2192,37
2193,20
2194,47
2195,32
2196,4
2197,28
2198,17
2199,15
2200,17
2201,14
2202,12
2203,13
2204,38
2205,12
2206,22
2207,41
2208,31
2209,15
2210,0
2211,1
2212,23
2213,13
2214,17
2215,23
2216,10
2217,24
2218,7
2219,22
2220,21
2221,45
2222,13
2223,19
2224,27
2225,29
2226,19
2227,11
2228,21
2229,24
2230,18
2231,18
2232,22
2233,17
2234,20
2235,30
2236,29
2237,13
2238,8
2239,18
2240,36
2241,15
2242,20
2243,22
2244,20
2245,22
2246,21
2247,14
2248,24
2249,55
2250,27
2251,11
2252,10
2253,25
2254,18
2255,19
2256,13
2257,24
2258,35
2259,8
2260,6
2261,14
2262,35
2263,19
2264,34
2265,19
2266,23
2267,22
2268,11
2269,30
2270,39
2271,15
2272,21
2273,27
2274,7
2275,16
2276,21
2277,25
2278,4
2279,24
2280,28
2281,12
2282,31
2283,10
2284,22
2285,23
2286,7
2287,3
2288,13
2289,25
2290,16
2291,19
2292,4
2293,16
2294,9
2295,22
2296,15
2297,9
2298,21
2299,20
2300,8
2301,15
2302,23
2303,9
2304,20
2305,1
2306,2
2307,3
2308,20
2309,23
2310,15
2311,22
2312,28
2313,28
2314,21
2315,33
2316,17
2317,13
2318,38
2319,11
2320,17
2321,22
2322,28
2323,2
2324,29
2325,5
2326,13
2327,24
2328,14
2329,21
2330,16
2331,20
2332,17
2333,9
2334,45
2335,18
2336,16
2337,14
2338,9
2339,8
2340,21
2341,32
2342,20
2343,16
2344,16
2345,5
2346,12
2347,19
2348,15
2349,7
2350,21
2351,19
2352,25
2353,26
2354,9
2355,33
2356,27
2357,41
2358,8
2359,34
2360,27
2361,14
2362,7
2363,19
2364,14
2365,24
2366,18
2367,11
2368,20
2369,4
2370,26
2371,19
2372,24
2373,11
2374,22
2375,3
2376,12
2377,21
2378,14
2379,10
2380,18
2381,37
2382,38
2383,27
2384,27
2385,21
2386,9
2387,19
2388,44
2389,6
2390,30
2391,2
2392,13
2393,26
2394,30
2395,2
2396,17
2397,20
2398,20
2399,4
2400,14
2401,32
2402,27
2403,4
2404,12
2405,13
2406,6
2407,4
2408,11
2409,30
2410,9
2411,19
2412,9
2413,21
2414,32
2415,11
2416,14
2417,21
2418,11
2419,29
2420,26
2421,28
2422,25
2423,11
2424,17
2425,25
2426,19
2427,19
2428,17
2429,41
2430,30
2431,20
2432,17
2433,25
2434,16
2435,22
2436,19
2437,14
2438,13
2439,24
2440,1
2441,23
2442,2
2443,1
2444,13
2445,1
2446,30
2447,19
2448,11
2449,8
2450,43
2451,33
2452,18
2453,33
2454,12
2455,25
2456,19
2457,7
2458,22
2459,11
2460,18
2461,2
2462,13
2463,9
2464,25
2465,25
2466,23
2467,22
2468,3
2469,29
2470,7
2471,6
2472,38
2473,24
2474,27
2475,15
2476,18
2477,16
2478,25
2479,34
2480,16
2481,37
2482,25
2483,18
2484,13
2485,20
2486,36
2487,6
2488,22
2489,17
2490,50
2491,34
2492,11
2493,16
2494,11
2495,4
2496,11
2497,33
2498,34
2499,30
2500,20
2501,48
2502,38
2503,19
2504,23
2505,26
2506,8
2507,25
2508,39
2509,22
2510,33
2511,34
2512,20
2513,26
2514,15
2515,9
2516,22
2517,24
2518,23
2519,15
2520,26
2521,28
2522,12
2523,13
2524,25
2525,24
2526,19
2527,15
2528,22
2529,26
2530,8
2531,18
2532,16
2533,31
2534,19
2535,9
2536,20
2537,15
2538,12
2539,17
2540,15
2541,12
2542,23
2543,13
2544,25
2545,8
2546,1
2547,7
2548,14
2549,11
2550,16
2551,11
2552,11
2553,6
2554,21
2555,31
2556,10
2557,16
2558,33
2559,23
2560,22
2561,12
2562,12
2563,17
2564,24
2565,21
2566,17
2567,9
2568,11
2569,9
2570,6
2571,28
2572,36
2573,9
2574,30
2575,23
2576,23
2577,21
2578,32
2579,16
2580,45
2581,3
2582,36
2583,37
2584,16
2585,5
2586,6
2587,15
2588,13
2589,10
2590,12
2591,13
2592,28
2593,22
2594,21
2595,12
2596,26
2597,27
2598,16
2599,23
2600,6
2601,12
2602,8
2603,12
2604,9
2605,34
2606,16
2607,30
2608,27
2609,7
2610,13
2611,23
2612,24
2613,39
2614,17
2615,17
2616,25
2617,20
2618,6
2619,23
2620,26
2621,20
2622,23
2623,22
2624,22
2625,19
2626,39
2627,20
2628,9
2629,37
2630,21
2631,27
2632,23
2633,7
2634,9
2635,8
2636,33
2637,16
2638,30
2639,6
2640,15
2641,45
2642,14
2643,1
2644,19
2645,23
2646,36
2647,41
2648,5
2649,9
2650,32
2651,7
2652,21
2653,29
2654,11
2655,22
2656,29
2657,15
2658,10
2659,15
2660,17
2661,41
2662,24
2663,29
2664,10
2665,20
2666,21
2667,12
2668,17
2669,19
2670,5
2671,6
2672,39
2673,14
2674,24
2675,37
2676,6
2677,14
2678,7
2679,4
2680,17
2681,15
2682,4
2683,17
2684,13
2685,13
2686,28
2687,14
2688,6
2689,15
2690,4
2691,0
2692,2
2693,2
2694,16
2695,6
2696,3
2697,13
2698,3
2699,7
2700,5
2701,7
2702,1
2703,14
2704,7
2705,13
2706,8
2707,5
2708,3
2709,8
2710,8
2711,21
2712,26
2713,16
2714,3
2715,5
2716,3
2717,5
2718,9
2719,14
2720,12
2721,34
2722,5
2723,22
2724,27
2725,10
2726,5
2727,25
2728,13
2729,3
2730,13
2731,4
2732,6
2733,5
2734,2
2735,24
2736,22
2737,6
2738,7
2739,5
2740,20
2741,12
2742,10
2743,9
2744,17
2745,27
2746,8
2747,9
2748,26
2749,6
2750,10
2751,15
2752,11
2753,3
2754,25
2755,47
2756,28
2757,13
2758,43
2759,34
2760,41
2761,24
2762,19
2763,26
2764,14
2765,19
2766,17
2767,15
2768,15
2769,9
2770,14
2771,17
2772,10
2773,17
2774,29
2775,10
2776,5
2777,29
2778,40
2779,18
2780,14
2781,20
2782,18
2783,27
2784,13
2785,16
2786,19
2787,16
2788,10
2789,19
2790,18
2791,22
2792,26
2793,30
2794,19
2795,33
2796,25
2797,20
2798,5
2799,6
2800,3
2801,4
2802,2
2803,1
2804,4
2805,7
2806,9
2807,21
2808,10
2809,17
2810,12
2811,12
2812,25
2813,11
2814,19
2815,16
2816,22
2817,31
2818,14
2819,23
2820,34
2821,38
2822,14
2823,13
2824,20
2825,8
2826,27
2827,12
2828,11
2829,8
2830,39
2831,10
2832,6
2833,11
2834,9
2835,13
2836,25
2837,8
2838,12
2839,25
2840,29
2841,9
2842,14
2843,21
2844,33
2845,7
2846,5
2847,10
2848,18
2849,26
2850,18
2851,28
2852,20
2853,12
2854,19
2855,19
2856,25
2857,26
2858,26
2859,11
2860,7
2861,14
2862,11
2863,43
2864,8
2865,12
2866,33
2867,14
2868,9
2869,36
2870,39
2871,24
2872,42
2873,14
2874,4
2875,12
2876,28
2877,9
2878,24
2879,28
2880,79
2881,12
2882,13
2883,34
2884,18
2885,42
2886,25
2887,15
2888,13
2889,20
2890,9
2891,9
2892,20
2893,31
2894,29
2895,28
2896,29
2897,33
2898,22
2899,23
2900,15
2901,20
2902,5
2903,7
2904,22
2905,33
2906,17
2907,23
2908,21
2909,13
2910,24
2911,28
2912,30
2913,18
2914,10
2915,16
2916,33
2917,24
2918,24
2919,52
2920,8
2921,31
2922,29
2923,38
2924,10
2925,15
2926,6
2927,13
2928,14
2929,22
2930,16
2931,14
2932,15
2933,4
2934,11
2935,6
2936,6
2937,6
2938,2
2939,5
2940,2
2941,5
2942,8
2943,10
2944,3
2945,8
2946,1
2947,13
2948,21
2949,33
2950,27
2951,23
2952,15
2953,19
2954,23
2955,28
2956,27
2957,18
2958,26
2959,49
2960,28
2961,30
2962,20
2963,20
2964,33
2965,9
2966,21
2967,14
2968,16
2969,29
2970,35
2971,27
2972,22
2973,34
2974,22
2975,13
2976,36
2977,17
2978,28
2979,29
2980,15
2981,5
2982,21
2983,8
2984,15
2985,19
2986,9
2987,33
2988,11
2989,19
2990,14
2991,29
2992,19
2993,17
2994,14
2995,26
2996,29
2997,4
2998,18
2999,15
3000,19
3001,10
3002,30
3003,25
3004,11
3005,8
3006,13
3007,16
3008,18
3009,12
3010,25
3011,40
3012,11
3013,24
3014,20
3015,16
3016,18
3017,21
3018,19
3019,33
3020,14
3021,17
3022,11
3023,8
3024,9
3025,8
3026,19
3027,23
3028,27
3029,18
3030,9
3031,3
3032,13
3033,12
3034,11
3035,7
3036,28
3037,14
3038,23
3039,23
3040,4
3041,33
3042,12
3043,17
3044,18
3045,26
3046,23
3047,36
3048,28
3049,10
3050,16
3051,26
3052,30
3053,13
3054,16
3055,19
3056,15
3057,29
3058,5
3059,25
3060,12
3061,13
3062,33
3063,37
3064,8
3065,26
3066,28
3067,32
3068,28
3069,32
3070,44
3071,21
3072,33
3073,27
3074,26
3075,30
3076,22
3077,25
3078,21
3079,24
3080,24
3081,23
3082,20
3083,29
3084,27
3085,27
3086,19
3087,20
3088,36
3089,7
3090,27
3091,29
3092,30
3093,36
3094,24
3095,4
3096,33
3097,19
3098,25
3099,39
3100,14
3101,8
3102,32
3103,19
3104,44
3105,23
3106,32
3107,18
3108,25
3109,18
3110,22
3111,17
3112,22
3113,12
3114,32
3115,3
3116,30
3117,13
3118,20
3119,22
3120,22
3121,26
3122,19
3123,22
3124,43
3125,18
3126,28
3127,18
3128,26
3129,12
3130,11
3131,8
3132,18
3133,13
3134,28
3135,14
3136,17
3137,22
3138,34
3139,30
3140,25
3141,20
3142,36
3143,16
3144,15
3145,24
3146,31
3147,13
3148,11
3149,27
3150,5
3151,15
3152,21
3153,19
3154,14
3155,23
3156,7
3157,39
3158,18
3159,24
3160,23
3161,10
3162,11
3163,29
3164,35
3165,21
3166,7
3167,5
3168,37
3169,20
3170,32
3171,19
3172,30
3173,33
3174,17
3175,27
3176,18
3177,18
3178,14
3179,17
3180,12
3181,20
3182,18
3183,35
3184,6
3185,41
3186,33
3187,10
3188,6
3189,17
3190,11
3191,16
3192,14
3193,4
3194,20
3195,5
3196,27
3197,10
3198,21
3199,9
3200,27
3201,31
3202,27
3203,18
3204,14
3205,20
3206,23
3207,22
3208,6
3209,13
3210,58
3211,13
3212,33
3213,31
3214,17
3215,23
3216,8
3217,25
3218,46
3219,7
3220,20
3221,16
3222,63
3223,22
3224,18
3225,17
3226,32
3227,13
3228,19
3229,39
3230,28
3231,41
3232,17
3233,35
3234,20
3235,27
3236,26
3237,21
3238,15
3239,9
3240,18
3241,13
3242,13
3243,14
3244,24
3245,23
3246,28
3247,26
3248,12
3249,12
3250,20
3251,30
3252,2
3253,7
3254,29
3255,12
3256,15
3257,24
3258,22
3259,19
3260,8
3261,16
3262,11
3263,8
3264,7
3265,22
3266,13
3267,30
3268,7
3269,18
3270,14
3271,22
3272,26
3273,15
3274,11
3275,19
3276,10
3277,8
3278,21
3279,15
3280,11
3281,18
3282,5
3283,15
3284,0
3285,3
3286,13
3287,8
3288,13
3289,8
3290,32
3291,28
3292,25
3293,30
3294,20
3295,24
3296,26
3297,9
3298,30
3299,12
3300,23
3301,12
3302,29
3303,41
3304,24
3305,23
3306,31
3307,9
3308,24
3309,17
3310,17
3311,20
3312,29
3313,29
3314,14
3315,25
3316,14
3317,23
3318,38
3319,9
3320,2
3321,20
3322,13
3323,13
3324,27
3325,32
3326,40
3327,34
3328,30
3329,16
3330,35
3331,2
3332,19
3333,13
3334,21
3335,8
3336,25
3337,21
3338,5
3339,25
3340,25
3341,55
3342,21
3343,19
3344,24
3345,24
3346,10
3347,11
3348,6
3349,21
3350,6
3351,20
3352,11
3353,12
3354,17
3355,23
3356,6
3357,15
3358,41
3359,26
3360,9
3361,23
3362,25
3363,11
3364,8
3365,33
3366,25
3367,24
3368,27
3369,16
3370,23
3371,42
3372,23
3373,25
3374,22
3375,27
3376,34
3377,41
3378,20
3379,30
3380,26
3381,22
3382,23
3383,36
3384,27
3385,46
3386,6
3387,19
3388,23
3389,30
3390,31
3391,4
3392,32
3393,17
3394,16
3395,29
3396,13
3397,13
3398,34
3399,31
3400,34
3401,40
3402,24
3403,24
3404,19
3405,17
3406,24
3407,32
3408,23
3409,27
3410,40
3411,35
3412,15
3413,25
3414,19
3415,20
3416,25
3417,31
3418,33
3419,26
3420,25
3421,15
3422,20
3423,25
3424,14
3425,16
3426,14
3427,16
3428,12
3429,42
3430,17
3431,26
3432,17
3433,32
3434,23
3435,29
3436,30
3437,14
3438,7
3439,23
3440,21
3441,31
3442,37
3443,12
3444,50
3445,40
3446,26
3447,13
3448,49
3449,39
3450,24
3451,31
3452,19
3453,20
3454,15
3455,27
3456,13
3457,37
3458,20
3459,26
3460,23
3461,17
3462,33
3463,25
3464,22
3465,18
3466,11
3467,28
3468,18
3469,36
3470,29
3471,11
3472,22
3473,8
3474,32
3475,33
3476,15
3477,34
3478,22
3479,33
3480,28
3481,8
3482,8
3483,28
3484,28
3485,15
3486,20
3487,11
3488,20
3489,12
3490,26
3491,8
3492,26
3493,22
3494,18
3495,6
3496,16
3497,11
3498,17
3499,13
3500,24
3501,18
3502,8
3503,17
3504,21
3505,7
3506,4
3507,23
3508,17
3509,6
3510,8
3511,13
3512,18
3513,12
3514,21
3515,11
3516,21
3517,29
3518,13
3519,13
3520,9
3521,16
3522,25
3523,16
3524,12
3525,39
3526,34
3527,23
3528,27
3529,24
3530,34
3531,37
3532,16
3533,28
3534,20
3535,8
3536,15
3537,12
3538,31
3539,37
3540,35
3541,54
3542,39
3543,12
3544,24
3545,29
3546,11
3547,31
3548,40
3549,22
3550,23
3551,14
3552,18
3553,23
3554,46
3555,29
3556,44
3557,20
3558,24
3559,33
3560,22
3561,45
3562,45
3563,30
3564,20
3565,24
3566,11
3567,15
3568,37
3569,28
3570,11
3571,29
3572,8
3573,8
3574,19
3575,10
3576,16
3577,27
3578,19
3579,35
3580,17
3581,26
3582,21
3583,16
3584,21
3585,24
3586,15
3587,22
3588,16
3589,30
3590,24
3591,16
3592,24
3593,12
3594,26
3595,21
3596,38
3597,18
3598,24
3599,9
3600,31
3601,33
3602,27
3603,17
3604,23
3605,28
3606,18
3607,26
3608,36
3609,14
3610,30
3611,9
3612,28
3613,34
3614,6
3615,10
3616,27
3617,21
3618,21
3619,18
3620,31
3621,21
3622,28
3623,25
3624,25
3625,26
3626,31
3627,29
3628,45
3629,10
3630,31
3631,18
3632,11
3633,24
3634,14
3635,38
3636,23
3637,16
3638,37
3639,22
3640,21
3641,8
3642,23
3643,25
3644,19
3645,19
3646,37
3647,23
3648,22
3649,40
3650,17
3651,10
3652,6
3653,16
3654,20
3655,19
3656,21
3657,10
3658,30
3659,20
3660,13
3661,25
3662,18
3663,14
3664,13
3665,14
3666,6
3667,2
3668,28
3669,21
3670,30
3671,40
3672,33
3673,16
3674,45
3675,23
3676,38
3677,17
3678,10
3679,16
3680,18
3681,20
3682,10
3683,25
3684,15
3685,23
3686,16
3687,40
3688,11
3689,19
3690,6
3691,14
3692,38
3693,22
3694,3
3695,7
3696,20
3697,30
3698,30
3699,15
3700,22
3701,20
3702,21
3703,26
3704,26
3705,19
3706,24
3707,11
3708,22
3709,31
3710,7
3711,22
3712,15
3713,10
3714,19
3715,27
3716,33
3717,11
3718,12
3719,52
3720,17
3721,46
3722,19
3723,12
3724,19
3725,27
3726,12
3727,10
3728,28
3729,28
3730,40
3731,35
3732,42
3733,15
3734,15
3735,8
3736,16
3737,30
3738,19
3739,10
3740,3
3741,37
3742,35
3743,20
3744,12
3745,52
3746,15
3747,29
3748,35
3749,31
3750,29
3751,9
3752,32
3753,24
3754,41
3755,29
3756,33
3757,19
3758,9
3759,17
3760,23
3761,23
