03:45 johnny@johnny14:~/Workspace/cs287/hw3$ luajit HW3.lua -datafile PTB.hdf5 -classifier nn1 -out predictionsNN.txt -epochs 10
Classifier  nn1
Outfile predictionsNN.txt
Validate    0
Reading
datafile    PTB.hdf5
nwords  10001
nfeatures   5
Init time:  0.251528
Training models:
train dims:
 887521
      5
[torch.LongStorage of size 2]

SGD m:  32
eta:    0.005
epochs: 10
normalize:  1
downsample: 0
Iteration:  1
Time:   0.340007
Loss    6.0786792811365
Train
-3.3538041701966
-5.9172234133567
-8.2116055868145
-5.8679663585213
-8.9111286677446
-4.2625758921276
-4.1111662113118
-2.9867152748077
-10.326802848055
-3.031283733983
Perplexity  291.25056075805
Valid
-8.7393275350714
-5.5170529577734
-5.8310454299907
-0.25879673579324
-6.6102159539899
-4.7379329499896
-10.604005339408
-4.2049431368192
-6.5746315316861
-10.003964647222
Perplexity  304.38179332926
Iteration:  2
Time:   1972.960729
Loss    5.5469149752325
Train
-3.2722533930408
-7.4146733257915
-10.17363235903
-2.2602783198396
-7.097686604295
-8.316427775438
-4.7214905654271
-4.1103969828161
-1.9578769545463
-2.9169572241975
Perplexity  212.41523394998
Valid
-8.124492501171
-5.1455836335603
-5.5065096287718
-0.99512198493546
-6.2175272561456
-5.1385658483092
-11.094725095469
-4.3997537829708
-5.900035751223
-9.577243790651
Perplexity  239.16841910882
Iteration:  3
Time:   4146.064104
Loss    5.3192691769408
Train
-2.6465147523307
-8.8680517940164
-5.0063107067555
-2.7038008548068
-3.3375968595313
-2.477301572763
-4.8558040370853
-5.0261701275958
-10.777890059517
-4.2583653769586
Perplexity  178.9283119025
Valid
-8.7277528371153
-5.1174336843136
-5.8203636848325
-1.4775016993279
-6.4866894159786
-5.1967248575648
-11.284263620343
-4.5346950259596
-5.6664624377438
-8.87519630814
Perplexity  214.69465691532
Iteration:  4
Time:   6068.886786
Loss    5.1691053234082
Train
-4.4482017433561
-2.2412132566315
-3.5243419712777
-6.2451441703063
-4.3091639860353
-9.4350847557844
-2.5501939115583
-9.6962376550442
-8.0180235423942
-6.903331495673
Perplexity  154.94473481173
Valid
-8.1655220949915
-5.2251059140421
-6.2143573213007
-0.98316272661647
-5.9081924926504
-3.9366386508954
-11.479744145579
-5.4305171639767
-6.4758918370568
-8.7793980295735
Perplexity  196.93009413814
Iteration:  5
Time:   7670.408403
Loss    5.0562239805701
Train
-8.2434313080422
-6.1271014058104
-5.2567066963592
-0.12827938001122
-11.439882525548
-8.0860704608939
-7.758815152873
-5.3800922103381
-6.469109660038
-2.8555835283953
Perplexity  136.00514445274
Valid
-8.404271755592
-5.1249530456991
-6.2805967800143
-0.46093685255222
-5.7140516481977
-5.241268854237
-11.787474322672
-5.4192366598252
-6.6573109813176
-8.7412739950396
Perplexity  189.31389769636
Iteration:  6
Time:   9264.019387
Loss    4.965008265696
Train
-4.0821422844167
-3.762263134937
-11.200420267932
-5.8061653486135
-1.7121788155181
-0.0040521529691659
-7.9160940442237
-2.0770330301346
-6.0146276389482
-9.6580600970628
Perplexity  125.28650865659
Valid
-8.3977851678748
-5.0368234264299
-5.0110426839497
-1.2212423896015
-5.9440109174675
-5.4337100654303
-12.047154920782
-5.8237067587067
-6.335622891152
-8.3198178498416
Perplexity  183.80662645777
Iteration:  7
Time:   10570.450595
Loss    4.8898152214464
Train
-6.1615727239781
-0.9684798342395
-5.290884264015
-3.6447189055563
-0.41286054387289
-4.4208404112863
-3.0046494788965
-0.82704242539735
-1.4394298804318
-2.3890302929613
Perplexity  118.32760613311
Valid
-7.7988910136833
-4.7429518134673
-5.4659285874194
-0.11073343869193
-6.3226340269416
-4.5136252857713
-11.930634282942
-6.8812859206128
-5.1847448790506
-8.0628706592357
Perplexity  183.57118756758
Iteration:  8
Time:   11845.6814
Loss    4.8260800629005
Train
-4.470170476637
-6.628659589017
-4.9954684075567
-1.3119696958427
-3.9416056220122
-2.4975611554231
-2.9365772051814
-2.1752317700955
-6.8281691427654
-2.0892317316397
Perplexity  109.46046003296
Valid
-7.6225035785304
-4.5867160026139
-5.8312123605087
-0.19216708477533
-5.5572331665034
-5.5163789406164
-11.86865220985
-6.0069665290391
-5.1961148034627
-8.6571131580356
Perplexity  179.80108149803
Iteration:  9
Time:   13118.480352
Loss    4.770772159418
Train
-6.9491728389826
-0.62298802970582
-8.0742687049504
-9.7431574643437
-7.1739518859724
-1.7047665605589
-6.8067148974426
-5.2100649463423
-6.5546576736124
-7.9367438988886
Perplexity  103.65286121605
Valid
-8.7094511489959
-4.5771131818977
-6.1943687263418
-0.31656861289209
-5.8536479914789
-5.419947053844
-12.319465586871
-7.0587524782317
-7.4640472258613
-8.3217773943274
Perplexity  180.24109464869
Iteration:  10
Time:   14392.864943
Loss    4.7240832494639
Train
-8.7274720511265
-10.335947257762
-0.61117810352643
-3.5614981781722
-6.2052439682959
-5.6405271166865
-3.4526253031216
-8.6104861593486
-5.8208486729446
-10.397952314833
Perplexity  100.01489002712
Valid
-8.2945776413711
-3.7239561666342
-6.8846699066555
-0.12925805249052
-5.9852403868461
-4.7632950025579
-12.425162432444
-6.1256278802551
-6.2624722163909
-8.0406086448591
Perplexity  179.45800519427
Training time:  15667.840405
Testing models:
Train
-12.656560952041
-10.66552018286
-10.668506577192
-9.6030884987805
-10.675147045331
-10.509593323538
-9.1953446425759
-9.2658287831899
-9.6101122609017
-8.7102863119275
Perplexity  99.366897906993
Valid
-8.2945776413711
-3.7239561666342
-6.8846699066555
-0.12925805249052
-5.9852403868461
-4.7632950025579
-12.425162432444
-6.1256278802551
-6.2624722163909
-8.0406086448591
Perplexity  179.45800519427
Testing time:   16780.839102
Writing output: